AMSdata_code/data/figure10/1979_8_sum.txt
ncols         29
nrows         21
xllcorner     119.050298
yllcorner     30.119212
cellsize      0.1
NODATA_value  -9999
-9999.000000	-9999.000000	-9999.000000	81.956000	88.174000	87.843000	82.820000	-9999.000000	-9999.000000	-9999.000000	-9999.000000	-9999.000000	-9999.000000	-9999.000000	-9999.000000	-9999.000000	-9999.000000	-9999.000000	-9999.000000	-9999.000000	-9999.000000	-9999.000000	-9999.000000	-9999.000000	-9999.000000	-9999.000000	-9999.000000	-9999.000000	-9999.000000
-9999.000000	-9999.000000	62.172000	65.425000	66.273000	67.373000	55.537000	55.812000	-9999.000000	-9999.000000	-9999.000000	-9999.000000	-9999.000000	-9999.000000	-9999.000000	-9999.000000	-9999.000000	-9999.000000	-9999.000000	-9999.000000	-9999.000000	-9999.000000	-9999.000000	-9999.000000	-9999.000000	-9999.000000	-9999.000000	-9999.000000	-9999.000000
-9999.000000	-9999.000000	61.366000	48.753000	59.133000	61.527000	66.230000	66.957000	69.466000	-9999.000000	-9999.000000	-9999.000000	-9999.000000	-9999.000000	83.816000	77.282000	69.517000	-9999.000000	-9999.000000	-9999.000000	-9999.000000	-9999.000000	-9999.000000	-9999.000000	-9999.000000	-9999.000000	-9999.000000	-9999.000000	-9999.000000
-9999.000000	-9999.000000	51.969000	53.281000	63.798000	68.212000	71.497000	71.653000	72.947000	76.264000	78.179000	79.058000	84.909000	84.669000	80.562000	74.453000	69.249000	60.744000	-9999.000000	-9999.000000	-9999.000000	-9999.000000	-9999.000000	-9999.000000	-9999.000000	-9999.000000	-9999.000000	-9999.000000	-9999.000000
-9999.000000	-9999.000000	56.722000	59.765000	71.468000	74.645000	76.413000	77.672000	76.535000	76.697000	76.164000	76.646000	80.235000	82.011000	78.130000	75.920000	73.252000	68.172000	-9999.000000	-9999.000000	-9999.000000	-9999.000000	-9999.000000	-9999.000000	-9999.000000	-9999.000000	-9999.000000	-9999.000000	-9999.000000
-9999.000000	-9999.000000	-9999.000000	65.165000	75.194000	80.301000	90.715000	94.686000	93.488000	87.142000	83.686000	77.232000	81.902000	83.264000	82.549000	81.855000	92.457000	87.755000	76.171000	80.875000	80.058000	-9999.000000	-9999.000000	-9999.000000	-9999.000000	-9999.000000	-9999.000000	-9999.000000	-9999.000000
-9999.000000	-9999.000000	65.540000	71.549000	87.757000	90.348000	94.947000	100.378000	99.556000	96.284000	92.366000	93.213000	96.691000	87.112000	87.826000	100.661000	101.390000	95.734000	86.134000	86.575000	84.978000	83.662000	-9999.000000	-9999.000000	-9999.000000	-9999.000000	-9999.000000	-9999.000000	-9999.000000
-9999.000000	65.774000	72.785000	82.848000	91.106000	93.542000	97.229000	100.510000	97.874000	93.760000	94.605000	100.365000	98.416000	99.110000	102.864000	100.852000	114.899000	114.129000	109.747000	100.960000	93.675000	90.816000	91.293000	-9999.000000	-9999.000000	-9999.000000	-9999.000000	-9999.000000	-9999.000000
70.383000	73.680000	82.310000	88.653000	97.632000	101.656000	105.192000	107.823000	106.872000	106.633000	108.651000	112.926000	103.029000	102.245000	107.708000	109.340000	110.086000	110.745000	116.994000	104.407000	93.964000	90.877000	91.516000	93.037000	95.109000	-9999.000000	-9999.000000	-9999.000000	-9999.000000
-9999.000000	86.482000	90.717000	96.191000	105.405000	110.220000	113.988000	113.094000	113.285000	115.488000	119.987000	123.228000	108.574000	107.649000	112.508000	118.130000	118.360000	116.954000	115.670000	102.486000	91.017000	88.144000	89.775000	92.981000	93.977000	91.533000	-9999.000000	-9999.000000	-9999.000000
-9999.000000	-9999.000000	-9999.000000	105.698000	115.690000	119.723000	122.126000	123.408000	122.034000	124.543000	126.862000	128.989000	127.529000	111.183000	113.993000	121.644000	122.270000	119.352000	110.037000	98.926000	91.469000	87.271000	88.197000	88.182000	92.154000	90.373000	89.213000	-9999.000000	-9999.000000
-9999.000000	-9999.000000	-9999.000000	-9999.000000	-9999.000000	-9999.000000	129.875000	129.126000	128.374000	129.958000	130.226000	128.334000	127.506000	126.319000	116.171000	124.018000	123.056000	121.205000	111.769000	104.327000	98.721000	91.475000	88.589000	88.050000	91.068000	89.977000	89.744000	88.422000	-9999.000000
-9999.000000	-9999.000000	-9999.000000	-9999.000000	-9999.000000	157.628000	158.730000	160.100000	159.138000	147.650000	144.469000	139.092000	132.321000	128.532000	135.722000	130.513000	134.063000	135.146000	130.005000	126.783000	118.628000	108.740000	101.529000	102.064000	104.243000	104.904000	105.646000	106.841000	-9999.000000
-9999.000000	-9999.000000	-9999.000000	-9999.000000	-9999.000000	176.531000	173.027000	169.751000	165.747000	148.149000	145.692000	141.116000	141.981000	147.598000	143.589000	144.902000	149.478000	139.342000	173.761000	170.413000	138.898000	132.049000	123.948000	119.749000	122.903000	124.304000	138.304000	165.232000	-9999.000000
-9999.000000	-9999.000000	-9999.000000	-9999.000000	204.575000	193.308000	188.210000	181.848000	172.219000	147.662000	144.151000	132.892000	139.349000	146.972000	151.910000	157.392000	162.588000	180.378000	206.438000	206.262000	200.173000	152.604000	145.194000	-9999.000000	-9999.000000	-9999.000000	-9999.000000	-9999.000000	-9999.000000
-9999.000000	-9999.000000	-9999.000000	225.710000	218.256000	209.157000	199.180000	189.760000	172.255000	142.862000	138.260000	138.761000	145.777000	152.947000	161.058000	166.128000	175.993000	199.269000	224.704000	228.938000	217.837000	-9999.000000	-9999.000000	-9999.000000	-9999.000000	-9999.000000	-9999.000000	-9999.000000	-9999.000000
-9999.000000	-9999.000000	241.263000	236.699000	236.218000	224.392000	209.646000	189.121000	158.259000	133.087000	131.611000	141.612000	150.760000	159.543000	172.065000	176.737000	181.784000	201.046000	223.508000	-9999.000000	-9999.000000	-9999.000000	-9999.000000	-9999.000000	-9999.000000	-9999.000000	-9999.000000	-9999.000000	-9999.000000
-9999.000000	-9999.000000	-9999.000000	291.527000	276.160000	256.416000	218.238000	179.172000	152.488000	131.359000	132.165000	142.110000	158.509000	172.897000	192.019000	192.345000	185.212000	191.201000	206.884000	-9999.000000	-9999.000000	-9999.000000	-9999.000000	-9999.000000	-9999.000000	-9999.000000	-9999.000000	-9999.000000	-9999.000000
-9999.000000	-9999.000000	-9999.000000	-9999.000000	-9999.000000	255.837000	212.516000	165.546000	150.816000	133.630000	137.754000	142.124000	163.543000	-9999.000000	-9999.000000	-9999.000000	-9999.000000	203.511000	-9999.000000	-9999.000000	-9999.000000	-9999.000000	-9999.000000	-9999.000000	-9999.000000	-9999.000000	-9999.000000	-9999.000000	-9999.000000
-9999.000000	-9999.000000	-9999.000000	-9999.000000	249.893000	219.668000	188.528000	163.029000	150.875000	135.498000	138.315000	142.964000	-9999.000000	-9999.000000	-9999.000000	-9999.000000	-9999.000000	-9999.000000	-9999.000000	-9999.000000	-9999.000000	-9999.000000	-9999.000000	-9999.000000	-9999.000000	-9999.000000	-9999.000000	-9999.000000	-9999.000000
-9999.000000	-9999.000000	-9999.000000	-9999.000000	-9999.000000	212.528000	186.488000	167.667000	-9999.000000	-9999.000000	-9999.000000	-9999.000000	-9999.000000	-9999.000000	-9999.000000	-9999.000000	-9999.000000	-9999.000000	-9999.000000	-9999.000000	-9999.000000	-9999.000000	-9999.000000	-9999.000000	-9999.000000	-9999.000000	-9999.000000	-9999.000000	-9999.000000
