AMSdata_code/data/figure10/1981_6_sum.txt
ncols         29
nrows         21
xllcorner     119.050298
yllcorner     30.119212
cellsize      0.1
NODATA_value  -9999
-9999.000000	-9999.000000	-9999.000000	177.140000	178.833000	176.645000	167.176000	-9999.000000	-9999.000000	-9999.000000	-9999.000000	-9999.000000	-9999.000000	-9999.000000	-9999.000000	-9999.000000	-9999.000000	-9999.000000	-9999.000000	-9999.000000	-9999.000000	-9999.000000	-9999.000000	-9999.000000	-9999.000000	-9999.000000	-9999.000000	-9999.000000	-9999.000000
-9999.000000	-9999.000000	179.742000	176.650000	188.779000	182.345000	169.783000	158.119000	-9999.000000	-9999.000000	-9999.000000	-9999.000000	-9999.000000	-9999.000000	-9999.000000	-9999.000000	-9999.000000	-9999.000000	-9999.000000	-9999.000000	-9999.000000	-9999.000000	-9999.000000	-9999.000000	-9999.000000	-9999.000000	-9999.000000	-9999.000000	-9999.000000
-9999.000000	-9999.000000	177.857000	175.319000	182.856000	175.136000	163.887000	154.364000	149.154000	-9999.000000	-9999.000000	-9999.000000	-9999.000000	-9999.000000	191.131000	200.724000	207.593000	-9999.000000	-9999.000000	-9999.000000	-9999.000000	-9999.000000	-9999.000000	-9999.000000	-9999.000000	-9999.000000	-9999.000000	-9999.000000	-9999.000000
-9999.000000	-9999.000000	176.978000	174.611000	179.433000	173.742000	169.777000	163.143000	159.123000	161.798000	157.895000	156.628000	162.334000	172.079000	193.454000	207.800000	216.554000	218.170000	-9999.000000	-9999.000000	-9999.000000	-9999.000000	-9999.000000	-9999.000000	-9999.000000	-9999.000000	-9999.000000	-9999.000000	-9999.000000
-9999.000000	-9999.000000	178.999000	177.770000	185.243000	181.784000	175.235000	169.572000	168.966000	173.499000	167.359000	166.684000	167.367000	170.588000	189.918000	197.516000	207.330000	209.509000	-9999.000000	-9999.000000	-9999.000000	-9999.000000	-9999.000000	-9999.000000	-9999.000000	-9999.000000	-9999.000000	-9999.000000	-9999.000000
-9999.000000	-9999.000000	-9999.000000	179.317000	184.686000	185.538000	181.778000	174.781000	173.934000	180.339000	178.721000	181.527000	177.976000	176.005000	188.365000	191.242000	196.669000	195.886000	202.865000	206.088000	206.181000	-9999.000000	-9999.000000	-9999.000000	-9999.000000	-9999.000000	-9999.000000	-9999.000000	-9999.000000
-9999.000000	-9999.000000	180.714000	183.456000	188.805000	193.416000	189.127000	184.207000	180.555000	189.540000	187.928000	190.645000	188.818000	185.747000	193.067000	193.186000	191.664000	194.071000	198.209000	204.048000	204.054000	204.415000	-9999.000000	-9999.000000	-9999.000000	-9999.000000	-9999.000000	-9999.000000	-9999.000000
-9999.000000	187.825000	182.381000	184.572000	189.567000	195.651000	196.352000	192.393000	190.191000	186.538000	187.564000	185.417000	181.874000	175.172000	173.426000	173.288000	170.367000	177.540000	185.999000	184.261000	184.881000	184.985000	186.583000	-9999.000000	-9999.000000	-9999.000000	-9999.000000	-9999.000000	-9999.000000
187.421000	182.507000	182.312000	190.385000	194.405000	197.064000	204.222000	198.735000	197.275000	191.276000	191.865000	186.765000	180.128000	179.145000	175.691000	174.410000	173.312000	178.933000	187.171000	183.540000	180.854000	180.728000	181.810000	183.465000	192.018000	-9999.000000	-9999.000000	-9999.000000	-9999.000000
-9999.000000	182.545000	182.575000	192.910000	196.988000	200.631000	207.386000	201.973000	200.616000	198.947000	192.533000	186.431000	180.972000	171.580000	175.245000	174.841000	175.003000	175.016000	179.188000	178.091000	175.982000	177.018000	178.694000	176.738000	184.805000	182.092000	-9999.000000	-9999.000000	-9999.000000
-9999.000000	-9999.000000	-9999.000000	195.897000	200.666000	211.909000	213.920000	209.099000	204.374000	201.948000	193.485000	187.180000	184.303000	172.651000	174.407000	175.672000	174.862000	174.686000	174.318000	167.693000	167.013000	168.520000	171.374000	165.341000	177.046000	174.129000	169.671000	-9999.000000	-9999.000000
-9999.000000	-9999.000000	-9999.000000	-9999.000000	-9999.000000	-9999.000000	215.663000	208.946000	205.013000	203.748000	199.719000	193.867000	185.080000	174.589000	167.763000	169.699000	169.803000	167.088000	160.642000	155.994000	155.504000	157.359000	158.800000	160.400000	163.145000	160.655000	156.501000	151.533000	-9999.000000
-9999.000000	-9999.000000	-9999.000000	-9999.000000	-9999.000000	202.632000	205.614000	201.017000	200.887000	204.040000	199.332000	191.854000	184.906000	167.603000	152.103000	150.358000	147.097000	142.376000	136.639000	131.747000	133.190000	134.503000	136.538000	137.346000	144.572000	141.869000	137.842000	133.332000	-9999.000000
-9999.000000	-9999.000000	-9999.000000	-9999.000000	-9999.000000	202.658000	207.147000	208.593000	209.941000	216.532000	208.720000	192.655000	176.594000	160.202000	141.056000	131.158000	125.121000	116.169000	114.240000	109.838000	110.311000	113.827000	118.906000	122.022000	121.803000	121.061000	121.625000	120.404000	-9999.000000
-9999.000000	-9999.000000	-9999.000000	-9999.000000	206.058000	206.005000	209.305000	209.244000	207.703000	204.025000	192.513000	174.815000	160.125000	144.849000	127.598000	114.187000	108.265000	101.837000	97.833000	91.234000	84.613000	87.368000	92.915000	-9999.000000	-9999.000000	-9999.000000	-9999.000000	-9999.000000	-9999.000000
-9999.000000	-9999.000000	-9999.000000	211.264000	198.061000	201.609000	199.253000	196.220000	190.469000	181.775000	167.330000	147.695000	136.176000	124.771000	110.241000	103.091000	96.238000	89.083000	84.803000	79.020000	79.387000	-9999.000000	-9999.000000	-9999.000000	-9999.000000	-9999.000000	-9999.000000	-9999.000000	-9999.000000
-9999.000000	-9999.000000	208.159000	204.806000	193.005000	187.382000	177.627000	170.556000	162.241000	152.061000	137.500000	123.083000	115.023000	106.757000	95.478000	91.269000	88.101000	81.788000	74.549000	-9999.000000	-9999.000000	-9999.000000	-9999.000000	-9999.000000	-9999.000000	-9999.000000	-9999.000000	-9999.000000	-9999.000000
-9999.000000	-9999.000000	-9999.000000	196.045000	179.761000	170.646000	153.610000	144.576000	133.854000	115.949000	102.462000	88.688000	80.221000	73.252000	70.342000	69.609000	68.680000	65.772000	65.029000	-9999.000000	-9999.000000	-9999.000000	-9999.000000	-9999.000000	-9999.000000	-9999.000000	-9999.000000	-9999.000000	-9999.000000
-9999.000000	-9999.000000	-9999.000000	-9999.000000	-9999.000000	165.160000	146.304000	133.343000	119.556000	96.518000	82.602000	67.433000	59.267000	-9999.000000	-9999.000000	-9999.000000	-9999.000000	62.289000	-9999.000000	-9999.000000	-9999.000000	-9999.000000	-9999.000000	-9999.000000	-9999.000000	-9999.000000	-9999.000000	-9999.000000	-9999.000000
-9999.000000	-9999.000000	-9999.000000	-9999.000000	147.729000	136.413000	121.537000	107.564000	93.465000	72.628000	58.052000	58.873000	-9999.000000	-9999.000000	-9999.000000	-9999.000000	-9999.000000	-9999.000000	-9999.000000	-9999.000000	-9999.000000	-9999.000000	-9999.000000	-9999.000000	-9999.000000	-9999.000000	-9999.000000	-9999.000000	-9999.000000
-9999.000000	-9999.000000	-9999.000000	-9999.000000	-9999.000000	128.083000	114.857000	104.180000	-9999.000000	-9999.000000	-9999.000000	-9999.000000	-9999.000000	-9999.000000	-9999.000000	-9999.000000	-9999.000000	-9999.000000	-9999.000000	-9999.000000	-9999.000000	-9999.000000	-9999.000000	-9999.000000	-9999.000000	-9999.000000	-9999.000000	-9999.000000	-9999.000000
