AMSdata_code/data/figure10/1983_8_sum.txt
ncols         29
nrows         21
xllcorner     119.050298
yllcorner     30.119212
cellsize      0.1
NODATA_value  -9999
-9999.000000	-9999.000000	-9999.000000	71.575000	67.820000	69.268000	70.637000	-9999.000000	-9999.000000	-9999.000000	-9999.000000	-9999.000000	-9999.000000	-9999.000000	-9999.000000	-9999.000000	-9999.000000	-9999.000000	-9999.000000	-9999.000000	-9999.000000	-9999.000000	-9999.000000	-9999.000000	-9999.000000	-9999.000000	-9999.000000	-9999.000000	-9999.000000
-9999.000000	-9999.000000	73.497000	65.905000	61.061000	58.675000	60.984000	62.969000	-9999.000000	-9999.000000	-9999.000000	-9999.000000	-9999.000000	-9999.000000	-9999.000000	-9999.000000	-9999.000000	-9999.000000	-9999.000000	-9999.000000	-9999.000000	-9999.000000	-9999.000000	-9999.000000	-9999.000000	-9999.000000	-9999.000000	-9999.000000	-9999.000000
-9999.000000	-9999.000000	50.728000	42.628000	34.854000	33.636000	31.925000	31.619000	28.315000	-9999.000000	-9999.000000	-9999.000000	-9999.000000	-9999.000000	35.756000	35.659000	35.791000	-9999.000000	-9999.000000	-9999.000000	-9999.000000	-9999.000000	-9999.000000	-9999.000000	-9999.000000	-9999.000000	-9999.000000	-9999.000000	-9999.000000
-9999.000000	-9999.000000	47.556000	40.202000	32.260000	31.386000	30.518000	30.629000	31.130000	27.832000	29.281000	30.177000	29.480000	30.070000	33.780000	32.640000	32.623000	48.232000	-9999.000000	-9999.000000	-9999.000000	-9999.000000	-9999.000000	-9999.000000	-9999.000000	-9999.000000	-9999.000000	-9999.000000	-9999.000000
-9999.000000	-9999.000000	37.844000	33.064000	26.471000	24.948000	24.393000	24.658000	26.596000	31.741000	32.654000	35.730000	33.070000	33.361000	39.211000	39.811000	45.027000	46.864000	-9999.000000	-9999.000000	-9999.000000	-9999.000000	-9999.000000	-9999.000000	-9999.000000	-9999.000000	-9999.000000	-9999.000000	-9999.000000
-9999.000000	-9999.000000	-9999.000000	31.277000	22.766000	21.430000	20.080000	23.281000	25.655000	30.935000	32.497000	34.353000	35.621000	32.788000	37.477000	39.891000	44.579000	45.231000	59.869000	63.805000	98.319000	-9999.000000	-9999.000000	-9999.000000	-9999.000000	-9999.000000	-9999.000000	-9999.000000	-9999.000000
-9999.000000	-9999.000000	28.273000	27.805000	22.988000	22.734000	20.900000	24.074000	25.624000	31.230000	32.817000	33.755000	33.439000	34.452000	37.757000	38.120000	41.128000	41.934000	55.968000	61.988000	74.881000	81.331000	-9999.000000	-9999.000000	-9999.000000	-9999.000000	-9999.000000	-9999.000000	-9999.000000
-9999.000000	28.270000	26.463000	26.262000	25.011000	25.546000	28.172000	27.158000	27.976000	32.163000	37.003000	38.721000	55.988000	61.256000	61.232000	60.578000	63.570000	66.813000	69.853000	71.974000	82.980000	85.055000	89.591000	-9999.000000	-9999.000000	-9999.000000	-9999.000000	-9999.000000	-9999.000000
33.319000	28.096000	27.258000	27.394000	26.911000	27.198000	29.829000	30.396000	31.086000	38.717000	43.721000	42.377000	62.514000	61.881000	60.244000	57.220000	58.451000	64.673000	68.628000	70.697000	68.061000	72.512000	77.901000	81.300000	76.522000	-9999.000000	-9999.000000	-9999.000000	-9999.000000
-9999.000000	28.579000	37.070000	37.595000	28.296000	28.938000	32.370000	32.527000	32.706000	42.790000	43.535000	46.489000	60.177000	55.812000	59.683000	57.105000	50.942000	63.426000	64.777000	64.732000	59.345000	61.718000	73.373000	80.739000	72.632000	72.703000	-9999.000000	-9999.000000	-9999.000000
-9999.000000	-9999.000000	-9999.000000	43.751000	39.811000	41.483000	41.778000	35.432000	35.727000	46.721000	49.044000	50.959000	39.255000	58.735000	57.452000	58.382000	59.124000	63.549000	63.934000	62.081000	58.896000	63.312000	67.694000	68.611000	63.512000	75.259000	72.310000	-9999.000000	-9999.000000
-9999.000000	-9999.000000	-9999.000000	-9999.000000	-9999.000000	-9999.000000	42.303000	36.393000	37.311000	54.017000	50.942000	51.603000	44.603000	58.205000	59.390000	65.192000	66.378000	64.743000	65.708000	65.250000	61.077000	64.606000	67.182000	70.007000	66.418000	70.919000	70.340000	72.970000	-9999.000000
-9999.000000	-9999.000000	-9999.000000	-9999.000000	-9999.000000	46.084000	43.644000	40.946000	44.670000	45.899000	43.790000	40.477000	44.138000	41.716000	48.073000	54.368000	59.525000	60.650000	65.428000	70.994000	63.872000	64.815000	66.175000	66.612000	66.224000	71.298000	75.577000	77.935000	-9999.000000
-9999.000000	-9999.000000	-9999.000000	-9999.000000	-9999.000000	38.141000	42.066000	47.388000	49.034000	54.446000	53.150000	50.743000	47.734000	44.155000	50.889000	57.879000	64.322000	68.974000	72.958000	77.939000	68.840000	69.010000	69.013000	68.175000	70.046000	76.409000	82.960000	85.795000	-9999.000000
-9999.000000	-9999.000000	-9999.000000	-9999.000000	42.770000	41.548000	49.176000	52.660000	53.090000	53.480000	55.553000	54.844000	53.408000	53.034000	60.896000	66.821000	75.302000	76.342000	77.320000	81.815000	75.533000	74.675000	74.153000	-9999.000000	-9999.000000	-9999.000000	-9999.000000	-9999.000000	-9999.000000
-9999.000000	-9999.000000	-9999.000000	55.276000	44.334000	45.960000	52.802000	56.427000	55.202000	56.357000	58.120000	59.711000	57.744000	59.375000	72.403000	75.287000	81.284000	85.661000	81.914000	87.366000	87.239000	-9999.000000	-9999.000000	-9999.000000	-9999.000000	-9999.000000	-9999.000000	-9999.000000	-9999.000000
-9999.000000	-9999.000000	61.749000	58.410000	53.260000	52.003000	60.677000	61.435000	60.087000	60.811000	60.958000	63.934000	61.805000	64.966000	74.971000	79.085000	84.656000	89.620000	92.374000	-9999.000000	-9999.000000	-9999.000000	-9999.000000	-9999.000000	-9999.000000	-9999.000000	-9999.000000	-9999.000000	-9999.000000
-9999.000000	-9999.000000	-9999.000000	74.254000	68.779000	65.302000	68.728000	70.133000	66.628000	68.903000	70.920000	71.583000	68.123000	69.479000	80.484000	87.036000	91.913000	93.298000	97.978000	-9999.000000	-9999.000000	-9999.000000	-9999.000000	-9999.000000	-9999.000000	-9999.000000	-9999.000000	-9999.000000	-9999.000000
-9999.000000	-9999.000000	-9999.000000	-9999.000000	-9999.000000	80.347000	83.440000	85.303000	82.146000	73.397000	76.420000	77.826000	76.240000	-9999.000000	-9999.000000	-9999.000000	-9999.000000	100.676000	-9999.000000	-9999.000000	-9999.000000	-9999.000000	-9999.000000	-9999.000000	-9999.000000	-9999.000000	-9999.000000	-9999.000000	-9999.000000
-9999.000000	-9999.000000	-9999.000000	-9999.000000	90.044000	91.317000	97.167000	97.764000	96.527000	83.063000	78.980000	76.761000	-9999.000000	-9999.000000	-9999.000000	-9999.000000	-9999.000000	-9999.000000	-9999.000000	-9999.000000	-9999.000000	-9999.000000	-9999.000000	-9999.000000	-9999.000000	-9999.000000	-9999.000000	-9999.000000	-9999.000000
-9999.000000	-9999.000000	-9999.000000	-9999.000000	-9999.000000	109.219000	106.952000	108.081000	-9999.000000	-9999.000000	-9999.000000	-9999.000000	-9999.000000	-9999.000000	-9999.000000	-9999.000000	-9999.000000	-9999.000000	-9999.000000	-9999.000000	-9999.000000	-9999.000000	-9999.000000	-9999.000000	-9999.000000	-9999.000000	-9999.000000	-9999.000000	-9999.000000
