AMSdata_code/data/figure10/1983_5_sum.txt
ncols         29
nrows         21
xllcorner     119.050298
yllcorner     30.119212
cellsize      0.1
NODATA_value  -9999
-9999.000000	-9999.000000	-9999.000000	98.678000	104.208000	104.890000	102.859000	-9999.000000	-9999.000000	-9999.000000	-9999.000000	-9999.000000	-9999.000000	-9999.000000	-9999.000000	-9999.000000	-9999.000000	-9999.000000	-9999.000000	-9999.000000	-9999.000000	-9999.000000	-9999.000000	-9999.000000	-9999.000000	-9999.000000	-9999.000000	-9999.000000	-9999.000000
-9999.000000	-9999.000000	100.349000	101.741000	107.846000	108.819000	113.874000	112.752000	-9999.000000	-9999.000000	-9999.000000	-9999.000000	-9999.000000	-9999.000000	-9999.000000	-9999.000000	-9999.000000	-9999.000000	-9999.000000	-9999.000000	-9999.000000	-9999.000000	-9999.000000	-9999.000000	-9999.000000	-9999.000000	-9999.000000	-9999.000000	-9999.000000
-9999.000000	-9999.000000	113.936000	113.724000	114.247000	115.423000	121.401000	121.243000	122.424000	-9999.000000	-9999.000000	-9999.000000	-9999.000000	-9999.000000	110.332000	111.072000	109.802000	-9999.000000	-9999.000000	-9999.000000	-9999.000000	-9999.000000	-9999.000000	-9999.000000	-9999.000000	-9999.000000	-9999.000000	-9999.000000	-9999.000000
-9999.000000	-9999.000000	117.372000	117.606000	124.523000	122.843000	126.439000	129.049000	129.759000	132.477000	132.018000	128.756000	124.293000	122.396000	117.712000	115.607000	112.298000	111.758000	-9999.000000	-9999.000000	-9999.000000	-9999.000000	-9999.000000	-9999.000000	-9999.000000	-9999.000000	-9999.000000	-9999.000000	-9999.000000
-9999.000000	-9999.000000	129.590000	129.428000	130.378000	128.096000	129.359000	131.708000	133.994000	133.236000	134.818000	131.330000	126.960000	125.074000	116.796000	118.046000	116.635000	117.930000	-9999.000000	-9999.000000	-9999.000000	-9999.000000	-9999.000000	-9999.000000	-9999.000000	-9999.000000	-9999.000000	-9999.000000	-9999.000000
-9999.000000	-9999.000000	-9999.000000	136.424000	137.607000	134.500000	135.878000	136.184000	136.430000	137.843000	139.811000	137.106000	131.633000	127.634000	123.335000	122.080000	124.930000	123.664000	125.839000	132.190000	134.465000	-9999.000000	-9999.000000	-9999.000000	-9999.000000	-9999.000000	-9999.000000	-9999.000000	-9999.000000
-9999.000000	-9999.000000	145.512000	146.340000	148.210000	145.365000	143.206000	139.927000	140.594000	140.329000	141.052000	140.439000	136.827000	132.933000	128.942000	128.406000	128.697000	132.597000	137.017000	141.437000	144.775000	148.248000	-9999.000000	-9999.000000	-9999.000000	-9999.000000	-9999.000000	-9999.000000	-9999.000000
-9999.000000	163.273000	162.934000	164.781000	156.938000	152.114000	154.712000	152.471000	150.667000	155.825000	154.313000	155.278000	146.187000	144.563000	140.217000	140.969000	149.013000	156.165000	168.030000	168.937000	170.142000	170.651000	174.860000	-9999.000000	-9999.000000	-9999.000000	-9999.000000	-9999.000000	-9999.000000
178.486000	175.029000	173.449000	170.125000	162.344000	159.312000	164.036000	163.564000	158.812000	164.104000	161.154000	157.277000	149.398000	149.347000	154.810000	156.270000	160.933000	167.862000	183.109000	179.721000	175.564000	177.194000	180.549000	183.645000	182.276000	-9999.000000	-9999.000000	-9999.000000	-9999.000000
-9999.000000	189.261000	189.236000	190.411000	176.648000	175.388000	173.712000	171.289000	165.230000	173.568000	172.994000	175.388000	171.609000	174.374000	177.709000	178.135000	180.300000	178.077000	182.350000	177.919000	173.730000	176.976000	179.057000	188.391000	188.663000	188.382000	-9999.000000	-9999.000000	-9999.000000
-9999.000000	-9999.000000	-9999.000000	207.110000	199.729000	196.838000	195.595000	188.928000	173.114000	180.557000	183.746000	190.048000	189.073000	186.960000	193.806000	193.867000	190.747000	185.572000	185.735000	179.554000	176.477000	179.187000	184.359000	180.370000	185.159000	183.701000	176.688000	-9999.000000	-9999.000000
-9999.000000	-9999.000000	-9999.000000	-9999.000000	-9999.000000	-9999.000000	201.385000	195.075000	189.678000	195.272000	198.562000	203.810000	201.704000	198.642000	203.099000	198.785000	196.940000	191.784000	192.961000	189.349000	187.165000	188.314000	188.742000	187.729000	190.069000	187.406000	181.049000	178.776000	-9999.000000
-9999.000000	-9999.000000	-9999.000000	-9999.000000	-9999.000000	220.789000	216.018000	212.948000	212.154000	215.209000	212.398000	214.330000	208.612000	207.755000	208.714000	203.567000	199.658000	194.874000	199.115000	196.447000	197.128000	194.448000	197.800000	200.094000	198.647000	193.828000	190.619000	190.848000	-9999.000000
-9999.000000	-9999.000000	-9999.000000	-9999.000000	-9999.000000	224.841000	222.055000	217.452000	220.814000	225.687000	221.917000	215.592000	205.494000	200.418000	195.636000	189.371000	185.956000	184.661000	186.944000	186.023000	189.179000	191.442000	192.529000	193.814000	192.938000	190.618000	192.749000	192.784000	-9999.000000
-9999.000000	-9999.000000	-9999.000000	-9999.000000	248.187000	241.489000	235.348000	228.767000	226.007000	227.173000	225.122000	218.700000	212.568000	208.240000	195.196000	190.108000	190.063000	186.301000	188.934000	180.191000	183.643000	183.530000	188.769000	-9999.000000	-9999.000000	-9999.000000	-9999.000000	-9999.000000	-9999.000000
-9999.000000	-9999.000000	-9999.000000	270.067000	257.236000	251.510000	241.931000	238.919000	231.762000	231.155000	227.543000	220.289000	212.473000	206.480000	200.768000	196.633000	194.622000	192.766000	185.072000	177.160000	174.745000	-9999.000000	-9999.000000	-9999.000000	-9999.000000	-9999.000000	-9999.000000	-9999.000000	-9999.000000
-9999.000000	-9999.000000	281.205000	275.662000	264.095000	254.213000	249.404000	242.335000	238.297000	236.400000	237.619000	232.645000	220.986000	215.927000	204.181000	201.571000	205.132000	197.243000	191.187000	-9999.000000	-9999.000000	-9999.000000	-9999.000000	-9999.000000	-9999.000000	-9999.000000	-9999.000000	-9999.000000	-9999.000000
-9999.000000	-9999.000000	-9999.000000	303.445000	286.486000	275.706000	255.424000	248.291000	248.341000	245.672000	249.075000	243.270000	229.360000	221.437000	217.099000	215.061000	214.539000	203.687000	202.123000	-9999.000000	-9999.000000	-9999.000000	-9999.000000	-9999.000000	-9999.000000	-9999.000000	-9999.000000	-9999.000000	-9999.000000
-9999.000000	-9999.000000	-9999.000000	-9999.000000	-9999.000000	279.415000	264.828000	252.579000	257.972000	257.173000	260.785000	252.153000	229.575000	-9999.000000	-9999.000000	-9999.000000	-9999.000000	222.675000	-9999.000000	-9999.000000	-9999.000000	-9999.000000	-9999.000000	-9999.000000	-9999.000000	-9999.000000	-9999.000000	-9999.000000	-9999.000000
-9999.000000	-9999.000000	-9999.000000	-9999.000000	296.561000	286.537000	278.340000	268.950000	278.514000	283.207000	278.640000	269.231000	-9999.000000	-9999.000000	-9999.000000	-9999.000000	-9999.000000	-9999.000000	-9999.000000	-9999.000000	-9999.000000	-9999.000000	-9999.000000	-9999.000000	-9999.000000	-9999.000000	-9999.000000	-9999.000000	-9999.000000
-9999.000000	-9999.000000	-9999.000000	-9999.000000	-9999.000000	309.229000	300.508000	289.738000	-9999.000000	-9999.000000	-9999.000000	-9999.000000	-9999.000000	-9999.000000	-9999.000000	-9999.000000	-9999.000000	-9999.000000	-9999.000000	-9999.000000	-9999.000000	-9999.000000	-9999.000000	-9999.000000	-9999.000000	-9999.000000	-9999.000000	-9999.000000	-9999.000000
