AMSdata_code/data/figure10/1984_6_sum.txt
ncols         29
nrows         21
xllcorner     119.050298
yllcorner     30.119212
cellsize      0.1
NODATA_value  -9999
-9999.000000	-9999.000000	-9999.000000	250.399000	231.463000	240.158000	232.124000	-9999.000000	-9999.000000	-9999.000000	-9999.000000	-9999.000000	-9999.000000	-9999.000000	-9999.000000	-9999.000000	-9999.000000	-9999.000000	-9999.000000	-9999.000000	-9999.000000	-9999.000000	-9999.000000	-9999.000000	-9999.000000	-9999.000000	-9999.000000	-9999.000000	-9999.000000
-9999.000000	-9999.000000	285.424000	268.293000	253.716000	236.082000	241.636000	232.258000	-9999.000000	-9999.000000	-9999.000000	-9999.000000	-9999.000000	-9999.000000	-9999.000000	-9999.000000	-9999.000000	-9999.000000	-9999.000000	-9999.000000	-9999.000000	-9999.000000	-9999.000000	-9999.000000	-9999.000000	-9999.000000	-9999.000000	-9999.000000	-9999.000000
-9999.000000	-9999.000000	298.402000	295.560000	282.274000	278.754000	271.130000	264.593000	265.529000	-9999.000000	-9999.000000	-9999.000000	-9999.000000	-9999.000000	234.560000	226.653000	211.756000	-9999.000000	-9999.000000	-9999.000000	-9999.000000	-9999.000000	-9999.000000	-9999.000000	-9999.000000	-9999.000000	-9999.000000	-9999.000000	-9999.000000
-9999.000000	-9999.000000	305.308000	302.421000	282.595000	280.260000	277.228000	274.195000	276.970000	263.738000	256.462000	253.531000	248.079000	248.149000	237.103000	230.699000	220.446000	215.037000	-9999.000000	-9999.000000	-9999.000000	-9999.000000	-9999.000000	-9999.000000	-9999.000000	-9999.000000	-9999.000000	-9999.000000	-9999.000000
-9999.000000	-9999.000000	317.406000	315.263000	299.204000	292.386000	283.420000	283.922000	285.324000	276.262000	269.087000	261.926000	262.825000	266.251000	249.911000	244.545000	234.932000	224.901000	-9999.000000	-9999.000000	-9999.000000	-9999.000000	-9999.000000	-9999.000000	-9999.000000	-9999.000000	-9999.000000	-9999.000000	-9999.000000
-9999.000000	-9999.000000	-9999.000000	329.271000	317.430000	305.935000	282.055000	283.904000	287.551000	279.435000	277.201000	274.808000	271.810000	272.312000	259.969000	255.372000	246.565000	236.138000	227.050000	205.459000	200.002000	-9999.000000	-9999.000000	-9999.000000	-9999.000000	-9999.000000	-9999.000000	-9999.000000	-9999.000000
-9999.000000	-9999.000000	343.649000	344.375000	333.656000	314.885000	292.717000	270.946000	287.903000	282.108000	281.745000	274.070000	279.000000	279.026000	265.948000	262.065000	250.605000	239.145000	224.702000	200.608000	189.553000	180.252000	-9999.000000	-9999.000000	-9999.000000	-9999.000000	-9999.000000	-9999.000000	-9999.000000
-9999.000000	391.909000	401.385000	404.929000	384.032000	369.227000	358.026000	355.121000	342.167000	302.388000	296.652000	297.041000	300.189000	295.977000	277.939000	274.430000	262.654000	253.185000	238.052000	191.172000	180.528000	169.948000	159.050000	-9999.000000	-9999.000000	-9999.000000	-9999.000000	-9999.000000	-9999.000000
397.035000	404.908000	404.810000	405.206000	396.318000	384.277000	365.234000	361.481000	345.349000	309.053000	302.902000	300.569000	303.200000	293.621000	277.622000	271.092000	259.623000	250.139000	236.050000	186.023000	169.316000	157.767000	149.166000	146.294000	135.554000	-9999.000000	-9999.000000	-9999.000000	-9999.000000
-9999.000000	421.593000	415.923000	411.401000	416.703000	403.186000	383.879000	360.039000	337.081000	303.277000	303.984000	300.183000	295.043000	288.344000	274.613000	271.975000	263.644000	249.503000	227.407000	177.094000	160.922000	136.581000	132.772000	133.560000	131.569000	137.223000	-9999.000000	-9999.000000	-9999.000000
-9999.000000	-9999.000000	-9999.000000	418.400000	429.029000	427.760000	396.518000	372.153000	357.387000	333.927000	319.795000	297.012000	290.004000	272.703000	264.833000	263.634000	256.616000	241.553000	214.221000	165.882000	141.460000	131.325000	131.993000	127.241000	126.636000	127.127000	126.423000	-9999.000000	-9999.000000
-9999.000000	-9999.000000	-9999.000000	-9999.000000	-9999.000000	-9999.000000	413.119000	393.541000	384.683000	378.259000	362.536000	337.911000	322.117000	301.235000	289.556000	250.722000	248.341000	233.917000	195.278000	151.507000	143.444000	139.805000	137.615000	134.010000	129.340000	129.180000	128.687000	130.712000	-9999.000000
-9999.000000	-9999.000000	-9999.000000	-9999.000000	-9999.000000	445.313000	440.527000	431.169000	409.897000	408.648000	393.136000	394.565000	393.435000	350.454000	333.021000	297.800000	256.097000	245.998000	227.425000	192.648000	180.918000	173.051000	158.956000	152.074000	151.214000	153.156000	149.237000	151.876000	-9999.000000
-9999.000000	-9999.000000	-9999.000000	-9999.000000	-9999.000000	483.456000	471.067000	454.324000	451.852000	444.013000	426.003000	409.188000	404.508000	392.043000	359.217000	329.808000	293.610000	280.425000	280.253000	253.452000	240.250000	223.475000	194.129000	186.931000	180.207000	171.117000	179.391000	179.573000	-9999.000000
-9999.000000	-9999.000000	-9999.000000	-9999.000000	492.122000	486.908000	492.909000	492.116000	479.093000	464.450000	456.134000	419.935000	404.853000	391.769000	389.973000	371.772000	325.815000	311.665000	314.041000	292.611000	274.427000	252.876000	239.907000	-9999.000000	-9999.000000	-9999.000000	-9999.000000	-9999.000000	-9999.000000
-9999.000000	-9999.000000	-9999.000000	499.044000	492.054000	485.642000	478.404000	490.455000	491.737000	471.208000	462.638000	432.152000	406.848000	396.824000	392.222000	358.063000	332.651000	320.029000	340.410000	324.857000	297.724000	-9999.000000	-9999.000000	-9999.000000	-9999.000000	-9999.000000	-9999.000000	-9999.000000	-9999.000000
-9999.000000	-9999.000000	550.744000	507.279000	489.469000	488.505000	483.968000	492.999000	499.532000	486.565000	465.116000	445.617000	421.770000	406.173000	388.427000	350.504000	337.294000	319.766000	338.137000	-9999.000000	-9999.000000	-9999.000000	-9999.000000	-9999.000000	-9999.000000	-9999.000000	-9999.000000	-9999.000000	-9999.000000
-9999.000000	-9999.000000	-9999.000000	531.165000	527.466000	494.948000	486.662000	493.888000	506.362000	501.969000	483.710000	467.093000	449.980000	429.093000	394.470000	369.160000	350.925000	345.151000	357.434000	-9999.000000	-9999.000000	-9999.000000	-9999.000000	-9999.000000	-9999.000000	-9999.000000	-9999.000000	-9999.000000	-9999.000000
-9999.000000	-9999.000000	-9999.000000	-9999.000000	-9999.000000	496.538000	488.114000	489.425000	493.526000	494.998000	495.110000	496.655000	492.035000	-9999.000000	-9999.000000	-9999.000000	-9999.000000	417.433000	-9999.000000	-9999.000000	-9999.000000	-9999.000000	-9999.000000	-9999.000000	-9999.000000	-9999.000000	-9999.000000	-9999.000000	-9999.000000
-9999.000000	-9999.000000	-9999.000000	-9999.000000	519.574000	494.696000	477.412000	486.814000	506.405000	513.344000	512.037000	508.626000	-9999.000000	-9999.000000	-9999.000000	-9999.000000	-9999.000000	-9999.000000	-9999.000000	-9999.000000	-9999.000000	-9999.000000	-9999.000000	-9999.000000	-9999.000000	-9999.000000	-9999.000000	-9999.000000	-9999.000000
-9999.000000	-9999.000000	-9999.000000	-9999.000000	-9999.000000	508.196000	498.909000	513.453000	-9999.000000	-9999.000000	-9999.000000	-9999.000000	-9999.000000	-9999.000000	-9999.000000	-9999.000000	-9999.000000	-9999.000000	-9999.000000	-9999.000000	-9999.000000	-9999.000000	-9999.000000	-9999.000000	-9999.000000	-9999.000000	-9999.000000	-9999.000000	-9999.000000
