AMSdata_code/data/figure10/1984_9_sum.txt
ncols         29
nrows         21
xllcorner     119.050298
yllcorner     30.119212
cellsize      0.1
NODATA_value  -9999
-9999.000000	-9999.000000	-9999.000000	225.020000	218.052000	219.311000	218.493000	-9999.000000	-9999.000000	-9999.000000	-9999.000000	-9999.000000	-9999.000000	-9999.000000	-9999.000000	-9999.000000	-9999.000000	-9999.000000	-9999.000000	-9999.000000	-9999.000000	-9999.000000	-9999.000000	-9999.000000	-9999.000000	-9999.000000	-9999.000000	-9999.000000	-9999.000000
-9999.000000	-9999.000000	214.107000	218.459000	216.499000	217.675000	221.518000	225.474000	-9999.000000	-9999.000000	-9999.000000	-9999.000000	-9999.000000	-9999.000000	-9999.000000	-9999.000000	-9999.000000	-9999.000000	-9999.000000	-9999.000000	-9999.000000	-9999.000000	-9999.000000	-9999.000000	-9999.000000	-9999.000000	-9999.000000	-9999.000000	-9999.000000
-9999.000000	-9999.000000	186.423000	188.011000	199.883000	194.769000	207.755000	209.205000	211.857000	-9999.000000	-9999.000000	-9999.000000	-9999.000000	-9999.000000	243.921000	247.247000	240.656000	-9999.000000	-9999.000000	-9999.000000	-9999.000000	-9999.000000	-9999.000000	-9999.000000	-9999.000000	-9999.000000	-9999.000000	-9999.000000	-9999.000000
-9999.000000	-9999.000000	188.361000	188.536000	195.781000	193.600000	200.612000	208.523000	210.869000	210.699000	215.029000	220.806000	224.196000	224.648000	227.394000	237.673000	227.133000	230.857000	-9999.000000	-9999.000000	-9999.000000	-9999.000000	-9999.000000	-9999.000000	-9999.000000	-9999.000000	-9999.000000	-9999.000000	-9999.000000
-9999.000000	-9999.000000	183.385000	177.340000	191.994000	193.302000	200.923000	208.123000	207.872000	212.691000	215.557000	214.317000	208.544000	207.129000	206.959000	210.880000	209.432000	196.755000	-9999.000000	-9999.000000	-9999.000000	-9999.000000	-9999.000000	-9999.000000	-9999.000000	-9999.000000	-9999.000000	-9999.000000	-9999.000000
-9999.000000	-9999.000000	-9999.000000	176.118000	185.882000	195.548000	202.083000	204.659000	209.569000	204.184000	202.876000	204.616000	200.820000	195.515000	187.718000	187.768000	189.077000	182.779000	163.890000	148.718000	147.085000	-9999.000000	-9999.000000	-9999.000000	-9999.000000	-9999.000000	-9999.000000	-9999.000000	-9999.000000
-9999.000000	-9999.000000	176.078000	182.592000	197.928000	201.725000	203.722000	207.627000	206.137000	202.605000	195.163000	192.208000	189.592000	183.962000	177.558000	174.831000	172.186000	166.316000	154.705000	143.838000	136.714000	135.786000	-9999.000000	-9999.000000	-9999.000000	-9999.000000	-9999.000000	-9999.000000	-9999.000000
-9999.000000	170.603000	179.342000	186.746000	188.097000	189.270000	192.739000	194.112000	190.642000	181.193000	176.634000	171.499000	168.864000	167.334000	157.045000	153.075000	143.090000	136.741000	134.846000	126.521000	119.476000	117.251000	119.183000	-9999.000000	-9999.000000	-9999.000000	-9999.000000	-9999.000000	-9999.000000
166.128000	184.773000	191.081000	197.505000	203.747000	207.146000	208.080000	201.421000	196.253000	180.348000	174.426000	166.696000	166.580000	162.894000	151.725000	144.420000	139.675000	136.032000	132.927000	124.302000	118.248000	114.761000	108.097000	107.339000	100.656000	-9999.000000	-9999.000000	-9999.000000	-9999.000000
-9999.000000	188.566000	196.541000	208.658000	214.785000	216.598000	215.503000	208.628000	198.974000	183.419000	175.085000	166.795000	161.083000	153.251000	146.717000	136.849000	132.796000	130.564000	123.100000	118.998000	112.963000	103.882000	101.788000	101.604000	93.576000	87.344000	-9999.000000	-9999.000000	-9999.000000
-9999.000000	-9999.000000	-9999.000000	226.162000	235.647000	235.583000	228.614000	210.901000	199.616000	184.991000	175.382000	168.939000	159.305000	150.024000	134.184000	129.814000	128.933000	125.866000	118.353000	106.950000	101.037000	98.504000	94.901000	93.372000	85.896000	79.933000	77.065000	-9999.000000	-9999.000000
-9999.000000	-9999.000000	-9999.000000	-9999.000000	-9999.000000	-9999.000000	228.992000	208.666000	199.108000	182.223000	171.051000	162.076000	154.069000	140.450000	125.042000	127.391000	122.534000	120.256000	112.231000	103.390000	99.360000	97.891000	91.558000	88.017000	78.166000	73.844000	71.624000	74.988000	-9999.000000
-9999.000000	-9999.000000	-9999.000000	-9999.000000	-9999.000000	206.399000	194.947000	183.553000	184.681000	175.766000	160.456000	150.991000	144.376000	124.565000	114.240000	113.463000	110.008000	110.560000	103.723000	97.255000	97.374000	87.973000	84.385000	80.186000	71.764000	71.209000	70.060000	72.685000	-9999.000000
-9999.000000	-9999.000000	-9999.000000	-9999.000000	-9999.000000	189.704000	192.949000	175.226000	169.455000	156.764000	144.813000	136.149000	124.280000	113.408000	108.179000	106.883000	107.736000	102.690000	95.225000	88.188000	83.796000	80.448000	76.717000	72.493000	65.929000	70.148000	77.577000	74.787000	-9999.000000
-9999.000000	-9999.000000	-9999.000000	-9999.000000	188.476000	185.726000	182.549000	172.330000	163.089000	147.958000	137.894000	127.311000	114.360000	109.825000	105.738000	103.195000	104.582000	101.213000	94.221000	88.369000	83.704000	78.515000	69.942000	-9999.000000	-9999.000000	-9999.000000	-9999.000000	-9999.000000	-9999.000000
-9999.000000	-9999.000000	-9999.000000	210.186000	186.936000	188.227000	179.891000	167.751000	156.646000	141.081000	133.958000	123.893000	114.367000	106.514000	103.472000	101.272000	100.832000	97.121000	91.640000	86.685000	83.546000	-9999.000000	-9999.000000	-9999.000000	-9999.000000	-9999.000000	-9999.000000	-9999.000000	-9999.000000
-9999.000000	-9999.000000	215.459000	205.020000	188.356000	183.496000	174.169000	161.493000	148.800000	133.654000	126.162000	120.204000	110.006000	104.562000	101.030000	99.612000	97.563000	94.748000	88.356000	-9999.000000	-9999.000000	-9999.000000	-9999.000000	-9999.000000	-9999.000000	-9999.000000	-9999.000000	-9999.000000	-9999.000000
-9999.000000	-9999.000000	-9999.000000	205.276000	183.185000	171.353000	157.182000	143.619000	124.322000	120.328000	119.017000	114.916000	108.698000	105.479000	103.666000	100.131000	94.854000	92.476000	80.841000	-9999.000000	-9999.000000	-9999.000000	-9999.000000	-9999.000000	-9999.000000	-9999.000000	-9999.000000	-9999.000000	-9999.000000
-9999.000000	-9999.000000	-9999.000000	-9999.000000	-9999.000000	159.628000	139.947000	122.466000	112.841000	107.361000	107.351000	104.255000	96.909000	-9999.000000	-9999.000000	-9999.000000	-9999.000000	91.781000	-9999.000000	-9999.000000	-9999.000000	-9999.000000	-9999.000000	-9999.000000	-9999.000000	-9999.000000	-9999.000000	-9999.000000	-9999.000000
-9999.000000	-9999.000000	-9999.000000	-9999.000000	152.503000	145.860000	137.660000	122.288000	113.481000	105.742000	101.449000	96.661000	-9999.000000	-9999.000000	-9999.000000	-9999.000000	-9999.000000	-9999.000000	-9999.000000	-9999.000000	-9999.000000	-9999.000000	-9999.000000	-9999.000000	-9999.000000	-9999.000000	-9999.000000	-9999.000000	-9999.000000
-9999.000000	-9999.000000	-9999.000000	-9999.000000	-9999.000000	145.743000	136.199000	122.264000	-9999.000000	-9999.000000	-9999.000000	-9999.000000	-9999.000000	-9999.000000	-9999.000000	-9999.000000	-9999.000000	-9999.000000	-9999.000000	-9999.000000	-9999.000000	-9999.000000	-9999.000000	-9999.000000	-9999.000000	-9999.000000	-9999.000000	-9999.000000	-9999.000000
