AMSdata_code/data/figure10/1985_9_sum.txt
ncols         29
nrows         21
xllcorner     119.050298
yllcorner     30.119212
cellsize      0.1
NODATA_value  -9999
-9999.000000	-9999.000000	-9999.000000	116.395000	115.593000	112.341000	102.736000	-9999.000000	-9999.000000	-9999.000000	-9999.000000	-9999.000000	-9999.000000	-9999.000000	-9999.000000	-9999.000000	-9999.000000	-9999.000000	-9999.000000	-9999.000000	-9999.000000	-9999.000000	-9999.000000	-9999.000000	-9999.000000	-9999.000000	-9999.000000	-9999.000000	-9999.000000
-9999.000000	-9999.000000	120.491000	115.592000	113.219000	109.945000	106.344000	103.817000	-9999.000000	-9999.000000	-9999.000000	-9999.000000	-9999.000000	-9999.000000	-9999.000000	-9999.000000	-9999.000000	-9999.000000	-9999.000000	-9999.000000	-9999.000000	-9999.000000	-9999.000000	-9999.000000	-9999.000000	-9999.000000	-9999.000000	-9999.000000	-9999.000000
-9999.000000	-9999.000000	116.278000	116.007000	113.204000	111.454000	106.801000	101.831000	100.742000	-9999.000000	-9999.000000	-9999.000000	-9999.000000	-9999.000000	164.223000	191.445000	197.449000	-9999.000000	-9999.000000	-9999.000000	-9999.000000	-9999.000000	-9999.000000	-9999.000000	-9999.000000	-9999.000000	-9999.000000	-9999.000000	-9999.000000
-9999.000000	-9999.000000	114.733000	112.241000	112.015000	107.528000	104.841000	101.983000	87.127000	89.339000	114.818000	122.892000	128.772000	137.611000	166.644000	193.330000	188.649000	224.538000	-9999.000000	-9999.000000	-9999.000000	-9999.000000	-9999.000000	-9999.000000	-9999.000000	-9999.000000	-9999.000000	-9999.000000	-9999.000000
-9999.000000	-9999.000000	113.562000	112.024000	112.674000	108.948000	104.465000	101.522000	100.777000	91.205000	116.915000	115.126000	114.079000	118.885000	156.731000	174.535000	184.950000	173.245000	-9999.000000	-9999.000000	-9999.000000	-9999.000000	-9999.000000	-9999.000000	-9999.000000	-9999.000000	-9999.000000	-9999.000000	-9999.000000
-9999.000000	-9999.000000	-9999.000000	111.212000	111.611000	106.697000	102.909000	97.786000	94.650000	122.466000	119.099000	114.845000	106.546000	120.134000	154.616000	179.347000	192.190000	176.981000	176.618000	190.047000	198.967000	-9999.000000	-9999.000000	-9999.000000	-9999.000000	-9999.000000	-9999.000000	-9999.000000	-9999.000000
-9999.000000	-9999.000000	118.183000	115.351000	107.039000	100.605000	102.669000	111.853000	112.585000	123.013000	107.094000	115.200000	123.225000	134.468000	155.965000	178.997000	176.244000	181.395000	182.866000	200.200000	206.866000	211.923000	-9999.000000	-9999.000000	-9999.000000	-9999.000000	-9999.000000	-9999.000000	-9999.000000
-9999.000000	129.385000	128.923000	128.080000	125.516000	119.188000	117.657000	129.222000	126.462000	138.207000	125.950000	129.335000	132.392000	139.681000	154.783000	175.200000	165.084000	166.688000	170.419000	213.673000	221.012000	230.908000	237.968000	-9999.000000	-9999.000000	-9999.000000	-9999.000000	-9999.000000	-9999.000000
125.905000	137.363000	149.049000	148.081000	147.044000	145.100000	142.260000	148.370000	135.521000	137.577000	142.311000	134.370000	143.256000	148.012000	164.226000	169.058000	174.052000	178.168000	182.174000	215.572000	224.244000	232.701000	241.935000	254.622000	255.754000	-9999.000000	-9999.000000	-9999.000000	-9999.000000
-9999.000000	146.120000	156.761000	156.927000	157.761000	155.959000	143.786000	165.203000	150.386000	160.658000	149.092000	154.641000	148.150000	148.429000	173.666000	181.246000	182.902000	184.884000	173.498000	218.940000	226.922000	238.465000	249.939000	255.278000	254.938000	242.854000	-9999.000000	-9999.000000	-9999.000000
-9999.000000	-9999.000000	-9999.000000	160.722000	170.465000	161.791000	165.377000	169.805000	158.163000	163.030000	152.953000	201.121000	170.644000	150.101000	174.931000	191.626000	193.014000	184.531000	181.367000	209.820000	228.315000	241.427000	251.564000	248.421000	250.827000	242.261000	247.491000	-9999.000000	-9999.000000
-9999.000000	-9999.000000	-9999.000000	-9999.000000	-9999.000000	-9999.000000	162.097000	166.226000	163.658000	155.772000	181.308000	186.782000	175.401000	142.803000	168.057000	178.961000	190.054000	188.908000	184.066000	216.887000	227.680000	238.583000	244.259000	251.765000	247.716000	239.766000	238.378000	245.131000	-9999.000000
-9999.000000	-9999.000000	-9999.000000	-9999.000000	-9999.000000	178.219000	164.838000	156.962000	163.609000	165.201000	169.171000	167.431000	162.191000	144.992000	153.528000	162.823000	168.733000	173.345000	164.780000	185.580000	196.057000	205.473000	212.760000	216.061000	216.955000	209.504000	201.001000	192.617000	-9999.000000
-9999.000000	-9999.000000	-9999.000000	-9999.000000	-9999.000000	157.263000	149.933000	156.774000	165.946000	172.229000	208.923000	172.841000	178.366000	178.411000	161.878000	159.729000	163.792000	162.836000	158.675000	164.430000	171.235000	185.190000	198.546000	204.248000	218.671000	210.104000	209.206000	201.995000	-9999.000000
-9999.000000	-9999.000000	-9999.000000	-9999.000000	147.753000	157.321000	157.004000	165.098000	162.548000	167.482000	170.350000	172.717000	171.366000	178.065000	179.068000	173.314000	160.436000	155.213000	144.488000	148.399000	155.187000	164.975000	177.426000	-9999.000000	-9999.000000	-9999.000000	-9999.000000	-9999.000000	-9999.000000
-9999.000000	-9999.000000	-9999.000000	158.767000	153.592000	167.689000	168.549000	168.188000	162.765000	163.433000	183.551000	179.074000	180.934000	181.026000	182.446000	176.934000	161.919000	139.535000	141.143000	147.869000	149.607000	-9999.000000	-9999.000000	-9999.000000	-9999.000000	-9999.000000	-9999.000000	-9999.000000	-9999.000000
-9999.000000	-9999.000000	174.395000	163.291000	169.821000	180.076000	182.240000	174.389000	165.766000	163.996000	169.739000	175.403000	177.376000	176.218000	168.312000	157.141000	150.937000	141.137000	122.306000	-9999.000000	-9999.000000	-9999.000000	-9999.000000	-9999.000000	-9999.000000	-9999.000000	-9999.000000	-9999.000000	-9999.000000
-9999.000000	-9999.000000	-9999.000000	192.894000	198.129000	195.173000	187.616000	173.051000	163.514000	158.757000	162.778000	166.639000	164.728000	159.138000	147.117000	136.249000	138.328000	135.142000	123.282000	-9999.000000	-9999.000000	-9999.000000	-9999.000000	-9999.000000	-9999.000000	-9999.000000	-9999.000000	-9999.000000	-9999.000000
-9999.000000	-9999.000000	-9999.000000	-9999.000000	-9999.000000	205.455000	192.231000	172.012000	171.592000	162.337000	167.329000	170.476000	168.955000	-9999.000000	-9999.000000	-9999.000000	-9999.000000	125.163000	-9999.000000	-9999.000000	-9999.000000	-9999.000000	-9999.000000	-9999.000000	-9999.000000	-9999.000000	-9999.000000	-9999.000000	-9999.000000
-9999.000000	-9999.000000	-9999.000000	-9999.000000	212.154000	208.390000	197.997000	188.312000	171.999000	156.466000	171.909000	170.123000	-9999.000000	-9999.000000	-9999.000000	-9999.000000	-9999.000000	-9999.000000	-9999.000000	-9999.000000	-9999.000000	-9999.000000	-9999.000000	-9999.000000	-9999.000000	-9999.000000	-9999.000000	-9999.000000	-9999.000000
-9999.000000	-9999.000000	-9999.000000	-9999.000000	-9999.000000	211.669000	210.561000	198.383000	-9999.000000	-9999.000000	-9999.000000	-9999.000000	-9999.000000	-9999.000000	-9999.000000	-9999.000000	-9999.000000	-9999.000000	-9999.000000	-9999.000000	-9999.000000	-9999.000000	-9999.000000	-9999.000000	-9999.000000	-9999.000000	-9999.000000	-9999.000000	-9999.000000
