AMSdata_code/data/figure10/1985_7_sum.txt
ncols         29
nrows         21
xllcorner     119.050298
yllcorner     30.119212
cellsize      0.1
NODATA_value  -9999
-9999.000000	-9999.000000	-9999.000000	201.980000	186.590000	188.534000	183.668000	-9999.000000	-9999.000000	-9999.000000	-9999.000000	-9999.000000	-9999.000000	-9999.000000	-9999.000000	-9999.000000	-9999.000000	-9999.000000	-9999.000000	-9999.000000	-9999.000000	-9999.000000	-9999.000000	-9999.000000	-9999.000000	-9999.000000	-9999.000000	-9999.000000	-9999.000000
-9999.000000	-9999.000000	194.034000	190.306000	188.559000	192.825000	190.082000	193.288000	-9999.000000	-9999.000000	-9999.000000	-9999.000000	-9999.000000	-9999.000000	-9999.000000	-9999.000000	-9999.000000	-9999.000000	-9999.000000	-9999.000000	-9999.000000	-9999.000000	-9999.000000	-9999.000000	-9999.000000	-9999.000000	-9999.000000	-9999.000000	-9999.000000
-9999.000000	-9999.000000	198.677000	188.130000	176.459000	180.309000	174.897000	174.089000	170.359000	-9999.000000	-9999.000000	-9999.000000	-9999.000000	-9999.000000	218.488000	218.628000	207.109000	-9999.000000	-9999.000000	-9999.000000	-9999.000000	-9999.000000	-9999.000000	-9999.000000	-9999.000000	-9999.000000	-9999.000000	-9999.000000	-9999.000000
-9999.000000	-9999.000000	201.866000	171.705000	167.685000	171.252000	170.120000	171.735000	173.512000	172.162000	175.613000	198.424000	199.342000	198.612000	213.258000	217.564000	218.556000	217.575000	-9999.000000	-9999.000000	-9999.000000	-9999.000000	-9999.000000	-9999.000000	-9999.000000	-9999.000000	-9999.000000	-9999.000000	-9999.000000
-9999.000000	-9999.000000	201.982000	186.712000	162.236000	165.212000	156.792000	169.082000	165.130000	177.707000	194.394000	203.612000	197.523000	197.126000	208.979000	207.702000	213.218000	218.300000	-9999.000000	-9999.000000	-9999.000000	-9999.000000	-9999.000000	-9999.000000	-9999.000000	-9999.000000	-9999.000000	-9999.000000	-9999.000000
-9999.000000	-9999.000000	-9999.000000	202.004000	189.996000	178.310000	166.887000	160.615000	180.007000	205.121000	208.224000	218.436000	210.866000	198.202000	203.256000	209.758000	210.413000	222.794000	238.526000	254.709000	256.988000	-9999.000000	-9999.000000	-9999.000000	-9999.000000	-9999.000000	-9999.000000	-9999.000000	-9999.000000
-9999.000000	-9999.000000	210.076000	209.534000	201.633000	204.959000	194.941000	192.527000	200.131000	232.209000	235.512000	223.893000	219.587000	208.472000	210.595000	216.987000	227.445000	240.073000	246.053000	262.685000	265.234000	265.766000	-9999.000000	-9999.000000	-9999.000000	-9999.000000	-9999.000000	-9999.000000	-9999.000000
-9999.000000	209.265000	210.193000	198.574000	192.255000	180.511000	181.768000	188.284000	204.429000	213.664000	222.430000	220.186000	217.857000	219.393000	250.383000	242.445000	233.966000	251.255000	275.961000	263.561000	260.560000	260.848000	259.190000	-9999.000000	-9999.000000	-9999.000000	-9999.000000	-9999.000000	-9999.000000
198.787000	210.667000	213.593000	206.018000	196.738000	211.739000	226.029000	226.374000	226.183000	225.738000	223.070000	215.276000	222.285000	223.305000	265.134000	246.087000	254.018000	273.325000	288.022000	276.774000	263.052000	266.003000	265.860000	281.412000	281.229000	-9999.000000	-9999.000000	-9999.000000	-9999.000000
-9999.000000	221.667000	221.923000	238.555000	234.278000	227.914000	252.753000	255.922000	243.567000	213.973000	208.866000	215.563000	220.536000	243.521000	271.335000	269.947000	276.736000	286.681000	283.019000	265.819000	263.913000	266.610000	261.985000	275.378000	272.474000	264.346000	-9999.000000	-9999.000000	-9999.000000
-9999.000000	-9999.000000	-9999.000000	258.410000	266.660000	253.176000	267.091000	269.391000	254.023000	221.407000	216.234000	212.741000	207.838000	217.783000	238.303000	268.097000	284.974000	277.270000	261.237000	250.738000	249.840000	259.422000	261.278000	268.131000	269.306000	263.430000	256.927000	-9999.000000	-9999.000000
-9999.000000	-9999.000000	-9999.000000	-9999.000000	-9999.000000	-9999.000000	275.501000	263.577000	265.411000	233.437000	225.857000	216.258000	204.495000	216.586000	220.942000	252.803000	281.404000	283.863000	262.418000	257.901000	256.064000	277.111000	278.012000	279.853000	274.969000	257.920000	249.357000	248.747000	-9999.000000
-9999.000000	-9999.000000	-9999.000000	-9999.000000	-9999.000000	280.846000	274.744000	263.834000	230.930000	215.365000	210.763000	202.747000	188.282000	211.994000	233.119000	268.034000	288.308000	286.976000	274.278000	258.780000	274.927000	274.592000	280.428000	281.135000	261.993000	272.338000	271.115000	253.283000	-9999.000000
-9999.000000	-9999.000000	-9999.000000	-9999.000000	-9999.000000	277.738000	269.253000	264.766000	254.571000	219.816000	215.306000	203.761000	206.425000	220.471000	221.003000	249.854000	270.261000	285.695000	264.200000	248.341000	243.853000	247.854000	257.424000	228.606000	217.017000	250.306000	245.002000	239.782000	-9999.000000
-9999.000000	-9999.000000	-9999.000000	-9999.000000	311.082000	290.472000	281.170000	276.503000	261.399000	216.188000	216.501000	215.893000	229.580000	237.317000	233.569000	257.953000	289.763000	285.955000	267.626000	241.149000	239.091000	230.486000	244.948000	-9999.000000	-9999.000000	-9999.000000	-9999.000000	-9999.000000	-9999.000000
-9999.000000	-9999.000000	-9999.000000	331.454000	330.140000	310.031000	295.778000	285.197000	265.261000	245.421000	240.366000	239.004000	246.608000	243.931000	248.946000	263.723000	281.573000	295.593000	272.100000	250.735000	241.594000	-9999.000000	-9999.000000	-9999.000000	-9999.000000	-9999.000000	-9999.000000	-9999.000000	-9999.000000
-9999.000000	-9999.000000	351.517000	337.000000	343.684000	329.624000	320.872000	301.884000	280.804000	255.895000	257.379000	245.950000	252.574000	258.334000	255.338000	293.400000	302.097000	298.684000	285.034000	-9999.000000	-9999.000000	-9999.000000	-9999.000000	-9999.000000	-9999.000000	-9999.000000	-9999.000000	-9999.000000	-9999.000000
-9999.000000	-9999.000000	-9999.000000	401.721000	399.977000	369.894000	324.803000	310.660000	300.262000	264.001000	254.445000	255.274000	254.019000	260.495000	286.664000	299.055000	312.173000	315.159000	293.393000	-9999.000000	-9999.000000	-9999.000000	-9999.000000	-9999.000000	-9999.000000	-9999.000000	-9999.000000	-9999.000000	-9999.000000
-9999.000000	-9999.000000	-9999.000000	-9999.000000	-9999.000000	357.275000	313.180000	290.278000	279.721000	255.857000	265.300000	263.302000	253.240000	-9999.000000	-9999.000000	-9999.000000	-9999.000000	337.377000	-9999.000000	-9999.000000	-9999.000000	-9999.000000	-9999.000000	-9999.000000	-9999.000000	-9999.000000	-9999.000000	-9999.000000	-9999.000000
-9999.000000	-9999.000000	-9999.000000	-9999.000000	334.654000	326.739000	307.649000	286.128000	255.704000	265.774000	261.431000	271.690000	-9999.000000	-9999.000000	-9999.000000	-9999.000000	-9999.000000	-9999.000000	-9999.000000	-9999.000000	-9999.000000	-9999.000000	-9999.000000	-9999.000000	-9999.000000	-9999.000000	-9999.000000	-9999.000000	-9999.000000
-9999.000000	-9999.000000	-9999.000000	-9999.000000	-9999.000000	327.487000	319.358000	290.423000	-9999.000000	-9999.000000	-9999.000000	-9999.000000	-9999.000000	-9999.000000	-9999.000000	-9999.000000	-9999.000000	-9999.000000	-9999.000000	-9999.000000	-9999.000000	-9999.000000	-9999.000000	-9999.000000	-9999.000000	-9999.000000	-9999.000000	-9999.000000	-9999.000000
