AMSdata_code/data/figure10/1985_8_sum.txt
ncols         29
nrows         21
xllcorner     119.050298
yllcorner     30.119212
cellsize      0.1
NODATA_value  -9999
-9999.000000	-9999.000000	-9999.000000	196.611000	182.820000	176.719000	167.096000	-9999.000000	-9999.000000	-9999.000000	-9999.000000	-9999.000000	-9999.000000	-9999.000000	-9999.000000	-9999.000000	-9999.000000	-9999.000000	-9999.000000	-9999.000000	-9999.000000	-9999.000000	-9999.000000	-9999.000000	-9999.000000	-9999.000000	-9999.000000	-9999.000000	-9999.000000
-9999.000000	-9999.000000	133.040000	120.803000	124.752000	119.183000	125.319000	99.097000	-9999.000000	-9999.000000	-9999.000000	-9999.000000	-9999.000000	-9999.000000	-9999.000000	-9999.000000	-9999.000000	-9999.000000	-9999.000000	-9999.000000	-9999.000000	-9999.000000	-9999.000000	-9999.000000	-9999.000000	-9999.000000	-9999.000000	-9999.000000	-9999.000000
-9999.000000	-9999.000000	150.974000	146.730000	141.440000	104.886000	112.925000	98.336000	96.556000	-9999.000000	-9999.000000	-9999.000000	-9999.000000	-9999.000000	111.016000	114.761000	126.696000	-9999.000000	-9999.000000	-9999.000000	-9999.000000	-9999.000000	-9999.000000	-9999.000000	-9999.000000	-9999.000000	-9999.000000	-9999.000000	-9999.000000
-9999.000000	-9999.000000	140.808000	134.164000	118.541000	107.266000	102.426000	89.728000	88.164000	91.334000	86.464000	88.202000	95.860000	97.168000	108.426000	105.776000	107.739000	110.356000	-9999.000000	-9999.000000	-9999.000000	-9999.000000	-9999.000000	-9999.000000	-9999.000000	-9999.000000	-9999.000000	-9999.000000	-9999.000000
-9999.000000	-9999.000000	129.793000	124.843000	107.545000	99.562000	98.600000	92.256000	90.254000	81.548000	81.272000	86.016000	92.680000	92.068000	100.373000	93.915000	97.359000	102.364000	-9999.000000	-9999.000000	-9999.000000	-9999.000000	-9999.000000	-9999.000000	-9999.000000	-9999.000000	-9999.000000	-9999.000000	-9999.000000
-9999.000000	-9999.000000	-9999.000000	129.812000	116.672000	106.661000	101.525000	97.057000	99.129000	91.315000	89.639000	79.895000	84.468000	89.259000	90.112000	91.132000	97.723000	108.398000	123.286000	155.368000	172.489000	-9999.000000	-9999.000000	-9999.000000	-9999.000000	-9999.000000	-9999.000000	-9999.000000	-9999.000000
-9999.000000	-9999.000000	123.602000	134.826000	126.089000	122.184000	106.730000	105.775000	101.886000	91.832000	89.516000	90.760000	96.041000	92.820000	95.155000	96.561000	100.183000	108.499000	123.855000	161.546000	169.732000	177.219000	-9999.000000	-9999.000000	-9999.000000	-9999.000000	-9999.000000	-9999.000000	-9999.000000
-9999.000000	119.448000	125.800000	130.330000	137.762000	137.857000	134.407000	123.984000	117.712000	116.012000	112.030000	105.751000	101.052000	98.286000	103.674000	105.321000	107.775000	115.399000	140.444000	170.849000	180.613000	182.534000	189.003000	-9999.000000	-9999.000000	-9999.000000	-9999.000000	-9999.000000	-9999.000000
140.439000	137.881000	138.173000	140.178000	140.888000	148.034000	148.618000	133.728000	126.770000	123.477000	118.590000	111.347000	108.684000	100.466000	106.310000	106.215000	112.637000	119.194000	144.174000	178.373000	181.347000	182.907000	189.195000	193.946000	192.846000	-9999.000000	-9999.000000	-9999.000000	-9999.000000
-9999.000000	150.620000	158.828000	164.228000	157.789000	157.753000	154.408000	147.552000	135.896000	129.726000	118.441000	117.860000	110.862000	100.181000	106.316000	108.741000	115.028000	121.977000	139.875000	170.599000	171.437000	182.720000	182.799000	200.057000	196.970000	196.054000	-9999.000000	-9999.000000	-9999.000000
-9999.000000	-9999.000000	-9999.000000	176.976000	193.255000	188.051000	169.581000	151.312000	141.607000	145.722000	128.437000	121.128000	111.294000	100.600000	108.264000	113.161000	118.071000	125.058000	134.898000	166.436000	171.276000	179.938000	187.711000	195.231000	195.250000	198.333000	189.321000	-9999.000000	-9999.000000
-9999.000000	-9999.000000	-9999.000000	-9999.000000	-9999.000000	-9999.000000	178.329000	150.078000	140.879000	131.966000	128.264000	117.344000	106.681000	93.921000	101.599000	109.232000	118.399000	124.153000	139.639000	172.363000	177.155000	186.039000	192.312000	199.279000	194.897000	197.101000	188.569000	192.997000	-9999.000000
-9999.000000	-9999.000000	-9999.000000	-9999.000000	-9999.000000	138.401000	141.845000	129.532000	127.112000	131.092000	116.259000	107.934000	99.920000	91.054000	101.608000	103.797000	112.932000	128.590000	140.967000	166.852000	172.818000	174.799000	180.857000	188.155000	176.761000	173.998000	180.646000	191.354000	-9999.000000
-9999.000000	-9999.000000	-9999.000000	-9999.000000	-9999.000000	134.169000	132.782000	117.857000	112.048000	111.148000	101.087000	100.119000	97.109000	98.015000	106.796000	111.727000	123.415000	135.471000	143.480000	176.544000	182.602000	187.430000	187.172000	191.091000	174.334000	167.103000	173.438000	176.456000	-9999.000000
-9999.000000	-9999.000000	-9999.000000	-9999.000000	135.073000	136.014000	128.419000	110.386000	105.381000	105.517000	102.673000	96.372000	96.452000	94.791000	108.084000	112.876000	123.746000	126.666000	133.179000	164.222000	168.095000	170.553000	174.230000	-9999.000000	-9999.000000	-9999.000000	-9999.000000	-9999.000000	-9999.000000
-9999.000000	-9999.000000	-9999.000000	125.262000	129.257000	132.134000	134.361000	119.856000	107.377000	102.463000	101.104000	99.471000	95.958000	97.374000	113.675000	111.959000	113.404000	122.795000	133.146000	168.813000	172.571000	-9999.000000	-9999.000000	-9999.000000	-9999.000000	-9999.000000	-9999.000000	-9999.000000	-9999.000000
-9999.000000	-9999.000000	129.782000	131.479000	142.950000	136.672000	130.003000	119.387000	111.935000	104.021000	98.882000	97.711000	98.825000	95.912000	110.302000	107.454000	112.837000	120.160000	128.517000	-9999.000000	-9999.000000	-9999.000000	-9999.000000	-9999.000000	-9999.000000	-9999.000000	-9999.000000	-9999.000000	-9999.000000
-9999.000000	-9999.000000	-9999.000000	149.421000	150.279000	143.791000	130.031000	121.280000	107.314000	97.489000	98.773000	98.119000	94.270000	87.503000	97.374000	100.144000	101.661000	106.885000	118.455000	-9999.000000	-9999.000000	-9999.000000	-9999.000000	-9999.000000	-9999.000000	-9999.000000	-9999.000000	-9999.000000	-9999.000000
-9999.000000	-9999.000000	-9999.000000	-9999.000000	-9999.000000	138.328000	131.850000	126.279000	103.553000	103.526000	100.231000	97.482000	95.343000	-9999.000000	-9999.000000	-9999.000000	-9999.000000	100.259000	-9999.000000	-9999.000000	-9999.000000	-9999.000000	-9999.000000	-9999.000000	-9999.000000	-9999.000000	-9999.000000	-9999.000000	-9999.000000
-9999.000000	-9999.000000	-9999.000000	-9999.000000	151.618000	140.970000	128.152000	123.985000	109.889000	106.084000	102.460000	100.320000	-9999.000000	-9999.000000	-9999.000000	-9999.000000	-9999.000000	-9999.000000	-9999.000000	-9999.000000	-9999.000000	-9999.000000	-9999.000000	-9999.000000	-9999.000000	-9999.000000	-9999.000000	-9999.000000	-9999.000000
-9999.000000	-9999.000000	-9999.000000	-9999.000000	-9999.000000	133.797000	133.522000	120.495000	-9999.000000	-9999.000000	-9999.000000	-9999.000000	-9999.000000	-9999.000000	-9999.000000	-9999.000000	-9999.000000	-9999.000000	-9999.000000	-9999.000000	-9999.000000	-9999.000000	-9999.000000	-9999.000000	-9999.000000	-9999.000000	-9999.000000	-9999.000000	-9999.000000
