AMSdata_code/data/figure10/1986_9_sum.txt
ncols         29
nrows         21
xllcorner     119.050298
yllcorner     30.119212
cellsize      0.1
NODATA_value  -9999
-9999.000000	-9999.000000	-9999.000000	46.701000	42.002000	40.712000	41.577000	-9999.000000	-9999.000000	-9999.000000	-9999.000000	-9999.000000	-9999.000000	-9999.000000	-9999.000000	-9999.000000	-9999.000000	-9999.000000	-9999.000000	-9999.000000	-9999.000000	-9999.000000	-9999.000000	-9999.000000	-9999.000000	-9999.000000	-9999.000000	-9999.000000	-9999.000000
-9999.000000	-9999.000000	47.199000	38.169000	39.110000	39.339000	39.191000	38.771000	-9999.000000	-9999.000000	-9999.000000	-9999.000000	-9999.000000	-9999.000000	-9999.000000	-9999.000000	-9999.000000	-9999.000000	-9999.000000	-9999.000000	-9999.000000	-9999.000000	-9999.000000	-9999.000000	-9999.000000	-9999.000000	-9999.000000	-9999.000000	-9999.000000
-9999.000000	-9999.000000	54.177000	55.521000	53.785000	50.999000	50.475000	49.674000	44.658000	-9999.000000	-9999.000000	-9999.000000	-9999.000000	-9999.000000	48.689000	49.226000	51.032000	-9999.000000	-9999.000000	-9999.000000	-9999.000000	-9999.000000	-9999.000000	-9999.000000	-9999.000000	-9999.000000	-9999.000000	-9999.000000	-9999.000000
-9999.000000	-9999.000000	55.761000	61.122000	57.295000	50.397000	47.797000	47.550000	42.582000	36.456000	38.248000	41.166000	45.398000	47.168000	54.096000	56.211000	59.946000	66.346000	-9999.000000	-9999.000000	-9999.000000	-9999.000000	-9999.000000	-9999.000000	-9999.000000	-9999.000000	-9999.000000	-9999.000000	-9999.000000
-9999.000000	-9999.000000	64.015000	65.985000	58.451000	53.634000	48.550000	46.818000	45.943000	42.495000	51.017000	54.094000	48.252000	50.727000	56.782000	59.342000	62.894000	64.289000	-9999.000000	-9999.000000	-9999.000000	-9999.000000	-9999.000000	-9999.000000	-9999.000000	-9999.000000	-9999.000000	-9999.000000	-9999.000000
-9999.000000	-9999.000000	-9999.000000	75.745000	63.435000	59.061000	53.146000	48.540000	52.368000	52.953000	57.054000	63.214000	57.830000	57.189000	63.702000	64.229000	65.471000	68.238000	73.841000	94.539000	99.818000	-9999.000000	-9999.000000	-9999.000000	-9999.000000	-9999.000000	-9999.000000	-9999.000000	-9999.000000
-9999.000000	-9999.000000	90.673000	89.420000	79.291000	70.663000	72.420000	69.290000	59.165000	67.325000	66.905000	66.501000	63.542000	57.602000	61.266000	58.017000	63.106000	67.305000	81.252000	96.784000	101.107000	105.573000	-9999.000000	-9999.000000	-9999.000000	-9999.000000	-9999.000000	-9999.000000	-9999.000000
-9999.000000	114.939000	113.526000	115.933000	107.022000	103.592000	99.010000	95.023000	89.997000	84.249000	75.064000	73.218000	66.277000	66.470000	68.239000	69.053000	69.022000	75.254000	89.590000	135.817000	144.240000	144.557000	151.675000	-9999.000000	-9999.000000	-9999.000000	-9999.000000	-9999.000000	-9999.000000
104.134000	116.718000	122.326000	122.032000	112.404000	112.477000	108.267000	102.685000	97.918000	86.475000	80.233000	79.517000	68.229000	60.784000	66.150000	68.412000	71.251000	77.362000	92.321000	145.574000	149.776000	151.399000	153.767000	155.062000	167.514000	-9999.000000	-9999.000000	-9999.000000	-9999.000000
-9999.000000	118.563000	121.596000	125.569000	130.285000	125.606000	124.778000	122.619000	118.696000	98.590000	86.879000	82.050000	74.662000	68.141000	67.909000	70.178000	74.545000	82.322000	98.791000	146.449000	148.589000	154.919000	161.016000	166.471000	190.721000	182.154000	-9999.000000	-9999.000000	-9999.000000
-9999.000000	-9999.000000	-9999.000000	130.437000	124.272000	123.099000	126.806000	126.673000	123.542000	103.572000	97.966000	91.811000	82.623000	71.899000	80.143000	82.863000	85.361000	98.300000	110.877000	149.742000	144.819000	148.361000	160.482000	169.151000	178.583000	182.074000	176.715000	-9999.000000	-9999.000000
-9999.000000	-9999.000000	-9999.000000	-9999.000000	-9999.000000	-9999.000000	124.864000	127.474000	123.823000	90.362000	99.492000	100.711000	86.225000	70.031000	85.989000	99.539000	107.128000	115.966000	123.827000	154.102000	154.671000	157.197000	162.946000	176.149000	190.035000	188.828000	182.033000	185.419000	-9999.000000
-9999.000000	-9999.000000	-9999.000000	-9999.000000	-9999.000000	154.429000	138.436000	138.213000	141.727000	145.321000	146.779000	139.568000	129.626000	112.388000	128.288000	138.791000	146.726000	160.945000	179.103000	185.912000	179.353000	177.706000	177.553000	190.243000	197.161000	204.846000	194.455000	199.737000	-9999.000000
-9999.000000	-9999.000000	-9999.000000	-9999.000000	-9999.000000	155.971000	153.193000	152.673000	160.681000	163.906000	161.070000	154.953000	151.986000	153.998000	162.980000	175.915000	189.463000	204.882000	222.468000	231.445000	239.356000	233.981000	223.376000	218.647000	213.138000	216.419000	218.972000	217.000000	-9999.000000
-9999.000000	-9999.000000	-9999.000000	-9999.000000	159.430000	160.589000	161.896000	164.488000	170.180000	174.495000	177.571000	168.345000	168.659000	165.196000	179.010000	191.423000	219.628000	236.980000	246.052000	280.832000	285.501000	286.724000	273.017000	-9999.000000	-9999.000000	-9999.000000	-9999.000000	-9999.000000	-9999.000000
-9999.000000	-9999.000000	-9999.000000	163.955000	162.286000	162.175000	169.677000	178.018000	185.973000	190.081000	195.385000	185.555000	176.686000	172.872000	185.915000	198.620000	217.293000	239.529000	260.162000	308.089000	314.811000	-9999.000000	-9999.000000	-9999.000000	-9999.000000	-9999.000000	-9999.000000	-9999.000000	-9999.000000
-9999.000000	-9999.000000	181.052000	170.082000	169.280000	171.678000	181.139000	194.440000	197.301000	201.590000	201.942000	196.426000	186.685000	184.008000	190.979000	188.506000	216.818000	238.306000	273.058000	-9999.000000	-9999.000000	-9999.000000	-9999.000000	-9999.000000	-9999.000000	-9999.000000	-9999.000000	-9999.000000	-9999.000000
-9999.000000	-9999.000000	-9999.000000	179.982000	188.426000	191.159000	190.830000	197.859000	200.747000	212.000000	210.314000	212.378000	203.730000	196.056000	196.195000	193.936000	210.720000	232.602000	254.983000	-9999.000000	-9999.000000	-9999.000000	-9999.000000	-9999.000000	-9999.000000	-9999.000000	-9999.000000	-9999.000000	-9999.000000
-9999.000000	-9999.000000	-9999.000000	-9999.000000	-9999.000000	180.751000	182.913000	194.430000	198.470000	207.582000	208.029000	203.242000	201.413000	-9999.000000	-9999.000000	-9999.000000	-9999.000000	231.999000	-9999.000000	-9999.000000	-9999.000000	-9999.000000	-9999.000000	-9999.000000	-9999.000000	-9999.000000	-9999.000000	-9999.000000	-9999.000000
-9999.000000	-9999.000000	-9999.000000	-9999.000000	177.429000	180.494000	184.189000	190.330000	193.174000	203.017000	198.206000	196.427000	-9999.000000	-9999.000000	-9999.000000	-9999.000000	-9999.000000	-9999.000000	-9999.000000	-9999.000000	-9999.000000	-9999.000000	-9999.000000	-9999.000000	-9999.000000	-9999.000000	-9999.000000	-9999.000000	-9999.000000
-9999.000000	-9999.000000	-9999.000000	-9999.000000	-9999.000000	171.948000	176.059000	183.164000	-9999.000000	-9999.000000	-9999.000000	-9999.000000	-9999.000000	-9999.000000	-9999.000000	-9999.000000	-9999.000000	-9999.000000	-9999.000000	-9999.000000	-9999.000000	-9999.000000	-9999.000000	-9999.000000	-9999.000000	-9999.000000	-9999.000000	-9999.000000	-9999.000000
