AMSdata_code/data/figure10/1987_9_sum.txt
ncols         29
nrows         21
xllcorner     119.050298
yllcorner     30.119212
cellsize      0.1
NODATA_value  -9999
-9999.000000	-9999.000000	-9999.000000	25.669000	28.396000	28.876000	30.582000	-9999.000000	-9999.000000	-9999.000000	-9999.000000	-9999.000000	-9999.000000	-9999.000000	-9999.000000	-9999.000000	-9999.000000	-9999.000000	-9999.000000	-9999.000000	-9999.000000	-9999.000000	-9999.000000	-9999.000000	-9999.000000	-9999.000000	-9999.000000	-9999.000000	-9999.000000
-9999.000000	-9999.000000	25.792000	26.562000	28.093000	28.782000	29.640000	33.019000	-9999.000000	-9999.000000	-9999.000000	-9999.000000	-9999.000000	-9999.000000	-9999.000000	-9999.000000	-9999.000000	-9999.000000	-9999.000000	-9999.000000	-9999.000000	-9999.000000	-9999.000000	-9999.000000	-9999.000000	-9999.000000	-9999.000000	-9999.000000	-9999.000000
-9999.000000	-9999.000000	23.101000	25.661000	30.933000	31.544000	32.456000	35.979000	41.062000	-9999.000000	-9999.000000	-9999.000000	-9999.000000	-9999.000000	83.050000	84.986000	83.923000	-9999.000000	-9999.000000	-9999.000000	-9999.000000	-9999.000000	-9999.000000	-9999.000000	-9999.000000	-9999.000000	-9999.000000	-9999.000000	-9999.000000
-9999.000000	-9999.000000	23.512000	26.669000	30.063000	31.651000	33.433000	40.287000	48.028000	56.943000	63.216000	67.541000	74.897000	77.491000	77.179000	77.675000	78.284000	67.312000	-9999.000000	-9999.000000	-9999.000000	-9999.000000	-9999.000000	-9999.000000	-9999.000000	-9999.000000	-9999.000000	-9999.000000	-9999.000000
-9999.000000	-9999.000000	26.270000	28.578000	33.809000	39.182000	40.881000	46.968000	51.120000	60.181000	65.337000	72.837000	74.431000	76.043000	75.942000	69.345000	65.244000	72.008000	-9999.000000	-9999.000000	-9999.000000	-9999.000000	-9999.000000	-9999.000000	-9999.000000	-9999.000000	-9999.000000	-9999.000000	-9999.000000
-9999.000000	-9999.000000	-9999.000000	32.224000	41.304000	45.559000	49.244000	50.834000	59.008000	64.263000	70.739000	71.954000	78.434000	76.568000	78.396000	79.946000	76.340000	72.839000	86.585000	90.914000	89.113000	-9999.000000	-9999.000000	-9999.000000	-9999.000000	-9999.000000	-9999.000000	-9999.000000	-9999.000000
-9999.000000	-9999.000000	32.178000	39.834000	47.156000	52.949000	60.647000	63.664000	66.979000	70.300000	76.872000	80.128000	82.737000	81.399000	83.249000	90.324000	93.904000	96.409000	98.640000	103.074000	104.730000	105.550000	-9999.000000	-9999.000000	-9999.000000	-9999.000000	-9999.000000	-9999.000000	-9999.000000
-9999.000000	33.844000	39.529000	46.204000	53.579000	60.959000	69.147000	74.073000	79.083000	97.373000	97.995000	95.353000	99.415000	105.095000	117.084000	119.533000	122.614000	129.802000	133.804000	132.212000	133.276000	133.617000	130.773000	-9999.000000	-9999.000000	-9999.000000	-9999.000000	-9999.000000	-9999.000000
39.907000	42.591000	48.159000	54.984000	62.917000	70.844000	86.803000	92.118000	96.489000	100.177000	100.112000	105.369000	110.302000	116.825000	125.232000	129.577000	137.847000	141.641000	139.701000	137.567000	135.127000	135.928000	131.964000	128.838000	119.772000	-9999.000000	-9999.000000	-9999.000000	-9999.000000
-9999.000000	49.191000	55.312000	63.694000	84.120000	95.190000	108.737000	108.541000	109.239000	117.602000	112.081000	109.834000	118.788000	126.105000	132.304000	138.588000	143.258000	144.083000	135.389000	136.092000	133.858000	134.129000	134.216000	129.688000	125.102000	121.274000	-9999.000000	-9999.000000	-9999.000000
-9999.000000	-9999.000000	-9999.000000	80.740000	98.042000	110.948000	128.999000	125.073000	122.672000	126.078000	128.331000	116.022000	131.207000	126.770000	126.405000	138.557000	140.194000	138.788000	129.556000	126.634000	126.299000	127.154000	126.305000	128.949000	125.630000	115.953000	112.285000	-9999.000000	-9999.000000
-9999.000000	-9999.000000	-9999.000000	-9999.000000	-9999.000000	-9999.000000	137.062000	139.186000	133.771000	141.368000	137.275000	137.005000	136.186000	122.858000	118.622000	128.787000	135.700000	134.580000	127.687000	127.979000	126.914000	128.190000	124.639000	126.570000	118.192000	113.518000	109.212000	102.640000	-9999.000000
-9999.000000	-9999.000000	-9999.000000	-9999.000000	-9999.000000	133.759000	142.929000	145.431000	138.472000	152.808000	147.020000	131.846000	132.184000	125.069000	126.650000	132.105000	138.426000	136.651000	133.638000	133.075000	131.116000	126.959000	122.932000	125.552000	118.264000	114.620000	111.367000	107.054000	-9999.000000
-9999.000000	-9999.000000	-9999.000000	-9999.000000	-9999.000000	147.166000	157.956000	159.910000	161.070000	170.467000	165.840000	156.554000	149.899000	145.062000	137.090000	138.085000	139.485000	147.544000	143.288000	139.826000	134.920000	130.782000	127.111000	123.357000	114.109000	109.703000	115.871000	113.716000	-9999.000000
-9999.000000	-9999.000000	-9999.000000	-9999.000000	149.236000	149.559000	161.541000	173.449000	175.834000	185.350000	171.322000	184.044000	184.498000	165.488000	155.488000	155.696000	156.057000	160.360000	151.021000	144.360000	138.843000	139.308000	130.571000	-9999.000000	-9999.000000	-9999.000000	-9999.000000	-9999.000000	-9999.000000
-9999.000000	-9999.000000	-9999.000000	131.113000	149.571000	158.426000	170.223000	186.765000	186.213000	202.947000	190.241000	178.570000	182.096000	178.439000	177.228000	178.127000	173.660000	168.278000	163.627000	154.333000	146.305000	-9999.000000	-9999.000000	-9999.000000	-9999.000000	-9999.000000	-9999.000000	-9999.000000	-9999.000000
-9999.000000	-9999.000000	131.768000	128.965000	149.412000	157.371000	174.657000	194.445000	199.922000	216.547000	205.708000	192.126000	186.314000	188.707000	193.439000	196.692000	191.782000	188.138000	181.706000	-9999.000000	-9999.000000	-9999.000000	-9999.000000	-9999.000000	-9999.000000	-9999.000000	-9999.000000	-9999.000000	-9999.000000
-9999.000000	-9999.000000	-9999.000000	143.159000	171.874000	175.961000	183.288000	206.310000	215.964000	238.746000	224.464000	205.146000	198.814000	196.598000	189.599000	205.755000	216.769000	212.853000	203.471000	-9999.000000	-9999.000000	-9999.000000	-9999.000000	-9999.000000	-9999.000000	-9999.000000	-9999.000000	-9999.000000	-9999.000000
-9999.000000	-9999.000000	-9999.000000	-9999.000000	-9999.000000	155.241000	170.566000	194.576000	209.674000	232.932000	223.369000	211.975000	209.400000	-9999.000000	-9999.000000	-9999.000000	-9999.000000	239.338000	-9999.000000	-9999.000000	-9999.000000	-9999.000000	-9999.000000	-9999.000000	-9999.000000	-9999.000000	-9999.000000	-9999.000000	-9999.000000
-9999.000000	-9999.000000	-9999.000000	-9999.000000	136.789000	146.880000	168.574000	195.973000	210.253000	217.922000	209.311000	219.343000	-9999.000000	-9999.000000	-9999.000000	-9999.000000	-9999.000000	-9999.000000	-9999.000000	-9999.000000	-9999.000000	-9999.000000	-9999.000000	-9999.000000	-9999.000000	-9999.000000	-9999.000000	-9999.000000	-9999.000000
-9999.000000	-9999.000000	-9999.000000	-9999.000000	-9999.000000	149.501000	167.251000	194.189000	-9999.000000	-9999.000000	-9999.000000	-9999.000000	-9999.000000	-9999.000000	-9999.000000	-9999.000000	-9999.000000	-9999.000000	-9999.000000	-9999.000000	-9999.000000	-9999.000000	-9999.000000	-9999.000000	-9999.000000	-9999.000000	-9999.000000	-9999.000000	-9999.000000
