AMSdata_code/data/figure10/1987_5_sum.txt
ncols         29
nrows         21
xllcorner     119.050298
yllcorner     30.119212
cellsize      0.1
NODATA_value  -9999
-9999.000000	-9999.000000	-9999.000000	177.505000	165.587000	161.729000	156.531000	-9999.000000	-9999.000000	-9999.000000	-9999.000000	-9999.000000	-9999.000000	-9999.000000	-9999.000000	-9999.000000	-9999.000000	-9999.000000	-9999.000000	-9999.000000	-9999.000000	-9999.000000	-9999.000000	-9999.000000	-9999.000000	-9999.000000	-9999.000000	-9999.000000	-9999.000000
-9999.000000	-9999.000000	172.097000	167.588000	157.590000	152.429000	146.927000	139.042000	-9999.000000	-9999.000000	-9999.000000	-9999.000000	-9999.000000	-9999.000000	-9999.000000	-9999.000000	-9999.000000	-9999.000000	-9999.000000	-9999.000000	-9999.000000	-9999.000000	-9999.000000	-9999.000000	-9999.000000	-9999.000000	-9999.000000	-9999.000000	-9999.000000
-9999.000000	-9999.000000	157.630000	153.976000	139.757000	134.968000	130.892000	121.787000	114.031000	-9999.000000	-9999.000000	-9999.000000	-9999.000000	-9999.000000	116.776000	118.053000	113.093000	-9999.000000	-9999.000000	-9999.000000	-9999.000000	-9999.000000	-9999.000000	-9999.000000	-9999.000000	-9999.000000	-9999.000000	-9999.000000	-9999.000000
-9999.000000	-9999.000000	145.666000	143.776000	129.683000	125.134000	122.628000	114.067000	112.076000	107.274000	105.163000	103.689000	101.583000	105.316000	113.296000	114.055000	115.666000	121.226000	-9999.000000	-9999.000000	-9999.000000	-9999.000000	-9999.000000	-9999.000000	-9999.000000	-9999.000000	-9999.000000	-9999.000000	-9999.000000
-9999.000000	-9999.000000	133.936000	132.761000	126.859000	120.433000	116.756000	112.289000	112.406000	107.002000	103.748000	99.425000	95.705000	96.090000	101.993000	106.545000	110.459000	115.109000	-9999.000000	-9999.000000	-9999.000000	-9999.000000	-9999.000000	-9999.000000	-9999.000000	-9999.000000	-9999.000000	-9999.000000	-9999.000000
-9999.000000	-9999.000000	-9999.000000	121.396000	118.023000	120.723000	113.622000	108.927000	112.452000	108.980000	102.376000	99.456000	93.218000	93.585000	99.191000	102.769000	108.267000	112.413000	109.657000	116.903000	117.490000	-9999.000000	-9999.000000	-9999.000000	-9999.000000	-9999.000000	-9999.000000	-9999.000000	-9999.000000
-9999.000000	-9999.000000	109.249000	111.956000	120.186000	122.478000	121.342000	106.761000	109.168000	108.734000	104.757000	100.948000	96.583000	93.062000	97.925000	101.544000	103.176000	107.091000	108.812000	118.112000	119.876000	123.666000	-9999.000000	-9999.000000	-9999.000000	-9999.000000	-9999.000000	-9999.000000	-9999.000000
-9999.000000	106.076000	107.967000	109.584000	115.416000	115.128000	116.492000	103.480000	104.661000	98.760000	96.990000	94.678000	92.443000	90.206000	87.415000	88.713000	93.478000	95.678000	98.133000	115.095000	119.278000	123.825000	127.085000	-9999.000000	-9999.000000	-9999.000000	-9999.000000	-9999.000000	-9999.000000
113.865000	111.119000	113.512000	114.173000	120.270000	114.193000	103.834000	104.243000	104.422000	97.631000	96.359000	94.852000	94.877000	93.822000	93.818000	88.992000	91.066000	97.128000	101.112000	118.843000	121.311000	123.250000	126.210000	128.817000	132.365000	-9999.000000	-9999.000000	-9999.000000	-9999.000000
-9999.000000	110.438000	113.820000	120.042000	127.990000	119.043000	105.006000	106.781000	104.095000	98.568000	101.543000	100.122000	97.476000	95.912000	96.540000	92.295000	93.100000	98.272000	101.151000	116.322000	117.114000	120.878000	122.312000	125.053000	127.373000	137.003000	-9999.000000	-9999.000000	-9999.000000
-9999.000000	-9999.000000	-9999.000000	120.167000	126.899000	127.679000	112.216000	108.517000	108.016000	98.816000	102.233000	104.026000	101.218000	99.438000	98.590000	97.127000	96.137000	99.363000	106.033000	114.598000	116.157000	118.945000	123.361000	119.824000	131.952000	141.654000	140.024000	-9999.000000	-9999.000000
-9999.000000	-9999.000000	-9999.000000	-9999.000000	-9999.000000	-9999.000000	142.453000	142.902000	143.355000	105.735000	107.611000	106.707000	103.021000	98.187000	100.694000	101.925000	102.549000	106.348000	109.719000	117.821000	119.490000	122.599000	126.644000	133.171000	141.256000	144.808000	143.136000	141.161000	-9999.000000
-9999.000000	-9999.000000	-9999.000000	-9999.000000	-9999.000000	123.219000	125.634000	151.258000	145.662000	122.662000	116.046000	109.336000	103.103000	101.070000	103.132000	104.186000	107.633000	112.014000	114.420000	116.977000	116.721000	118.530000	120.834000	132.570000	136.462000	142.455000	143.300000	138.046000	-9999.000000
-9999.000000	-9999.000000	-9999.000000	-9999.000000	-9999.000000	126.193000	133.650000	139.934000	124.399000	126.000000	124.463000	117.998000	103.217000	102.059000	103.549000	107.009000	110.819000	116.246000	118.839000	121.018000	120.157000	119.848000	119.909000	126.156000	138.379000	142.256000	145.200000	133.883000	-9999.000000
-9999.000000	-9999.000000	-9999.000000	-9999.000000	137.691000	136.327000	140.035000	137.510000	126.864000	121.890000	121.827000	112.388000	103.247000	100.215000	103.725000	109.550000	114.033000	119.165000	121.958000	123.184000	123.834000	120.413000	120.030000	-9999.000000	-9999.000000	-9999.000000	-9999.000000	-9999.000000	-9999.000000
-9999.000000	-9999.000000	-9999.000000	140.807000	139.675000	142.095000	133.902000	136.757000	129.531000	127.982000	133.930000	118.737000	108.071000	108.319000	113.407000	113.686000	117.820000	118.349000	116.887000	121.329000	120.906000	-9999.000000	-9999.000000	-9999.000000	-9999.000000	-9999.000000	-9999.000000	-9999.000000	-9999.000000
-9999.000000	-9999.000000	146.603000	144.677000	149.131000	146.375000	144.240000	139.009000	149.085000	139.234000	132.948000	126.077000	115.449000	115.141000	117.002000	118.149000	126.678000	132.013000	138.108000	-9999.000000	-9999.000000	-9999.000000	-9999.000000	-9999.000000	-9999.000000	-9999.000000	-9999.000000	-9999.000000	-9999.000000
-9999.000000	-9999.000000	-9999.000000	155.328000	156.036000	155.207000	140.821000	143.015000	147.946000	143.482000	139.545000	130.466000	118.586000	119.075000	117.866000	124.216000	129.417000	136.236000	141.745000	-9999.000000	-9999.000000	-9999.000000	-9999.000000	-9999.000000	-9999.000000	-9999.000000	-9999.000000	-9999.000000	-9999.000000
-9999.000000	-9999.000000	-9999.000000	-9999.000000	-9999.000000	148.430000	141.891000	145.732000	149.039000	147.720000	149.918000	141.176000	124.462000	-9999.000000	-9999.000000	-9999.000000	-9999.000000	145.272000	-9999.000000	-9999.000000	-9999.000000	-9999.000000	-9999.000000	-9999.000000	-9999.000000	-9999.000000	-9999.000000	-9999.000000	-9999.000000
-9999.000000	-9999.000000	-9999.000000	-9999.000000	147.178000	145.812000	141.918000	142.824000	149.311000	152.443000	151.924000	147.753000	-9999.000000	-9999.000000	-9999.000000	-9999.000000	-9999.000000	-9999.000000	-9999.000000	-9999.000000	-9999.000000	-9999.000000	-9999.000000	-9999.000000	-9999.000000	-9999.000000	-9999.000000	-9999.000000	-9999.000000
-9999.000000	-9999.000000	-9999.000000	-9999.000000	-9999.000000	148.319000	144.170000	140.723000	-9999.000000	-9999.000000	-9999.000000	-9999.000000	-9999.000000	-9999.000000	-9999.000000	-9999.000000	-9999.000000	-9999.000000	-9999.000000	-9999.000000	-9999.000000	-9999.000000	-9999.000000	-9999.000000	-9999.000000	-9999.000000	-9999.000000	-9999.000000	-9999.000000
