AMSdata_code/data/figure10/1988_7_sum.txt
ncols         29
nrows         21
xllcorner     119.050298
yllcorner     30.119212
cellsize      0.1
NODATA_value  -9999
-9999.000000	-9999.000000	-9999.000000	237.123000	257.789000	257.166000	267.006000	-9999.000000	-9999.000000	-9999.000000	-9999.000000	-9999.000000	-9999.000000	-9999.000000	-9999.000000	-9999.000000	-9999.000000	-9999.000000	-9999.000000	-9999.000000	-9999.000000	-9999.000000	-9999.000000	-9999.000000	-9999.000000	-9999.000000	-9999.000000	-9999.000000	-9999.000000
-9999.000000	-9999.000000	226.870000	227.352000	242.717000	248.564000	250.476000	260.469000	-9999.000000	-9999.000000	-9999.000000	-9999.000000	-9999.000000	-9999.000000	-9999.000000	-9999.000000	-9999.000000	-9999.000000	-9999.000000	-9999.000000	-9999.000000	-9999.000000	-9999.000000	-9999.000000	-9999.000000	-9999.000000	-9999.000000	-9999.000000	-9999.000000
-9999.000000	-9999.000000	196.422000	210.489000	228.887000	238.356000	249.497000	255.627000	251.620000	-9999.000000	-9999.000000	-9999.000000	-9999.000000	-9999.000000	225.132000	221.988000	225.902000	-9999.000000	-9999.000000	-9999.000000	-9999.000000	-9999.000000	-9999.000000	-9999.000000	-9999.000000	-9999.000000	-9999.000000	-9999.000000	-9999.000000
-9999.000000	-9999.000000	182.652000	189.221000	214.024000	225.125000	235.018000	245.998000	250.979000	255.754000	254.600000	249.119000	231.279000	216.740000	222.920000	222.601000	237.251000	242.229000	-9999.000000	-9999.000000	-9999.000000	-9999.000000	-9999.000000	-9999.000000	-9999.000000	-9999.000000	-9999.000000	-9999.000000	-9999.000000
-9999.000000	-9999.000000	170.595000	179.604000	215.479000	212.368000	222.086000	235.829000	244.098000	251.301000	254.840000	248.294000	238.381000	236.252000	226.989000	220.572000	233.549000	242.940000	-9999.000000	-9999.000000	-9999.000000	-9999.000000	-9999.000000	-9999.000000	-9999.000000	-9999.000000	-9999.000000	-9999.000000	-9999.000000
-9999.000000	-9999.000000	-9999.000000	160.371000	190.440000	200.558000	211.991000	228.507000	237.222000	243.997000	240.090000	243.223000	236.233000	231.356000	221.624000	224.750000	222.085000	232.078000	251.798000	247.179000	254.029000	-9999.000000	-9999.000000	-9999.000000	-9999.000000	-9999.000000	-9999.000000	-9999.000000	-9999.000000
-9999.000000	-9999.000000	151.428000	153.776000	172.549000	189.793000	202.182000	214.601000	224.390000	228.032000	229.335000	226.804000	231.217000	222.575000	217.315000	213.979000	219.947000	222.108000	225.829000	224.078000	227.810000	235.006000	-9999.000000	-9999.000000	-9999.000000	-9999.000000	-9999.000000	-9999.000000	-9999.000000
-9999.000000	119.795000	120.069000	122.426000	134.304000	145.395000	155.991000	165.989000	171.511000	177.261000	178.293000	182.942000	195.585000	199.572000	177.676000	185.904000	188.455000	198.024000	199.082000	194.480000	208.028000	207.702000	215.770000	-9999.000000	-9999.000000	-9999.000000	-9999.000000	-9999.000000	-9999.000000
119.949000	116.880000	116.440000	119.160000	133.189000	134.648000	147.129000	148.940000	162.522000	171.555000	174.086000	184.801000	197.419000	212.697000	184.278000	173.119000	179.262000	187.116000	190.837000	186.320000	185.013000	183.040000	187.001000	190.218000	182.001000	-9999.000000	-9999.000000	-9999.000000	-9999.000000
-9999.000000	121.474000	121.565000	121.506000	137.820000	140.032000	140.062000	151.012000	157.880000	166.770000	171.959000	180.649000	177.520000	178.346000	180.207000	166.338000	174.515000	175.101000	174.528000	168.467000	172.576000	173.579000	169.810000	171.313000	164.308000	167.207000	-9999.000000	-9999.000000	-9999.000000
-9999.000000	-9999.000000	-9999.000000	124.886000	144.306000	147.650000	151.932000	153.164000	153.824000	173.430000	180.952000	186.458000	186.021000	180.953000	169.402000	152.130000	145.056000	160.311000	152.114000	152.500000	156.902000	163.052000	159.583000	142.270000	147.494000	145.974000	148.372000	-9999.000000	-9999.000000
-9999.000000	-9999.000000	-9999.000000	-9999.000000	-9999.000000	-9999.000000	160.416000	144.732000	159.895000	168.218000	176.224000	181.155000	180.588000	169.913000	154.822000	142.324000	142.454000	132.330000	124.508000	143.032000	144.091000	149.222000	143.340000	135.626000	131.820000	138.764000	134.504000	138.005000	-9999.000000
-9999.000000	-9999.000000	-9999.000000	-9999.000000	-9999.000000	131.608000	134.472000	127.191000	129.234000	156.645000	162.473000	165.165000	155.969000	148.785000	142.692000	131.571000	127.824000	127.372000	120.851000	113.264000	111.590000	134.290000	126.561000	126.625000	115.789000	116.257000	114.989000	113.892000	-9999.000000
-9999.000000	-9999.000000	-9999.000000	-9999.000000	-9999.000000	133.414000	124.813000	133.985000	132.798000	144.589000	146.080000	153.186000	157.082000	149.043000	146.812000	132.009000	130.787000	126.352000	120.381000	112.948000	112.354000	119.673000	118.766000	123.162000	104.554000	100.943000	106.761000	102.822000	-9999.000000
-9999.000000	-9999.000000	-9999.000000	-9999.000000	136.311000	147.837000	137.315000	135.682000	139.511000	140.221000	140.990000	147.070000	154.426000	140.484000	137.597000	140.277000	139.878000	127.238000	124.270000	112.305000	113.896000	110.175000	106.352000	-9999.000000	-9999.000000	-9999.000000	-9999.000000	-9999.000000	-9999.000000
-9999.000000	-9999.000000	-9999.000000	108.439000	136.466000	147.733000	148.542000	149.561000	140.385000	130.903000	134.337000	141.764000	145.176000	132.659000	160.945000	141.337000	139.076000	119.346000	124.915000	117.424000	116.607000	-9999.000000	-9999.000000	-9999.000000	-9999.000000	-9999.000000	-9999.000000	-9999.000000	-9999.000000
-9999.000000	-9999.000000	76.873000	107.239000	134.495000	142.790000	153.923000	145.001000	115.064000	135.463000	133.192000	134.996000	145.080000	161.099000	167.865000	148.660000	147.684000	129.102000	123.400000	-9999.000000	-9999.000000	-9999.000000	-9999.000000	-9999.000000	-9999.000000	-9999.000000	-9999.000000	-9999.000000	-9999.000000
-9999.000000	-9999.000000	-9999.000000	106.303000	126.143000	141.083000	145.252000	132.802000	132.887000	121.350000	122.083000	129.977000	127.192000	121.358000	153.892000	142.868000	129.709000	132.045000	132.780000	-9999.000000	-9999.000000	-9999.000000	-9999.000000	-9999.000000	-9999.000000	-9999.000000	-9999.000000	-9999.000000	-9999.000000
-9999.000000	-9999.000000	-9999.000000	-9999.000000	-9999.000000	128.621000	127.336000	126.898000	126.525000	113.932000	127.073000	124.667000	123.875000	-9999.000000	-9999.000000	-9999.000000	-9999.000000	139.562000	-9999.000000	-9999.000000	-9999.000000	-9999.000000	-9999.000000	-9999.000000	-9999.000000	-9999.000000	-9999.000000	-9999.000000	-9999.000000
-9999.000000	-9999.000000	-9999.000000	-9999.000000	104.214000	114.782000	119.719000	121.801000	125.715000	131.908000	126.822000	122.787000	-9999.000000	-9999.000000	-9999.000000	-9999.000000	-9999.000000	-9999.000000	-9999.000000	-9999.000000	-9999.000000	-9999.000000	-9999.000000	-9999.000000	-9999.000000	-9999.000000	-9999.000000	-9999.000000	-9999.000000
-9999.000000	-9999.000000	-9999.000000	-9999.000000	-9999.000000	98.849000	109.326000	117.827000	-9999.000000	-9999.000000	-9999.000000	-9999.000000	-9999.000000	-9999.000000	-9999.000000	-9999.000000	-9999.000000	-9999.000000	-9999.000000	-9999.000000	-9999.000000	-9999.000000	-9999.000000	-9999.000000	-9999.000000	-9999.000000	-9999.000000	-9999.000000	-9999.000000
