AMSdata_code/data/figure10/1989_8_sum.txt
ncols         29
nrows         21
xllcorner     119.050298
yllcorner     30.119212
cellsize      0.1
NODATA_value  -9999
-9999.000000	-9999.000000	-9999.000000	284.224000	279.724000	271.237000	265.306000	-9999.000000	-9999.000000	-9999.000000	-9999.000000	-9999.000000	-9999.000000	-9999.000000	-9999.000000	-9999.000000	-9999.000000	-9999.000000	-9999.000000	-9999.000000	-9999.000000	-9999.000000	-9999.000000	-9999.000000	-9999.000000	-9999.000000	-9999.000000	-9999.000000	-9999.000000
-9999.000000	-9999.000000	275.484000	267.874000	269.404000	254.777000	248.467000	254.855000	-9999.000000	-9999.000000	-9999.000000	-9999.000000	-9999.000000	-9999.000000	-9999.000000	-9999.000000	-9999.000000	-9999.000000	-9999.000000	-9999.000000	-9999.000000	-9999.000000	-9999.000000	-9999.000000	-9999.000000	-9999.000000	-9999.000000	-9999.000000	-9999.000000
-9999.000000	-9999.000000	267.215000	277.998000	256.877000	244.715000	232.896000	240.783000	234.872000	-9999.000000	-9999.000000	-9999.000000	-9999.000000	-9999.000000	242.218000	238.439000	233.126000	-9999.000000	-9999.000000	-9999.000000	-9999.000000	-9999.000000	-9999.000000	-9999.000000	-9999.000000	-9999.000000	-9999.000000	-9999.000000	-9999.000000
-9999.000000	-9999.000000	268.879000	268.457000	248.665000	236.808000	227.493000	225.411000	222.619000	229.087000	227.765000	235.308000	238.284000	226.659000	226.399000	223.512000	227.155000	216.814000	-9999.000000	-9999.000000	-9999.000000	-9999.000000	-9999.000000	-9999.000000	-9999.000000	-9999.000000	-9999.000000	-9999.000000	-9999.000000
-9999.000000	-9999.000000	279.805000	279.417000	263.662000	243.233000	223.060000	216.761000	212.563000	213.293000	227.055000	226.592000	233.238000	228.197000	232.790000	221.354000	210.257000	208.761000	-9999.000000	-9999.000000	-9999.000000	-9999.000000	-9999.000000	-9999.000000	-9999.000000	-9999.000000	-9999.000000	-9999.000000	-9999.000000
-9999.000000	-9999.000000	-9999.000000	295.036000	277.803000	253.817000	228.119000	222.291000	205.094000	228.511000	235.716000	236.908000	230.130000	222.688000	230.068000	222.605000	218.978000	201.359000	190.411000	214.185000	216.974000	-9999.000000	-9999.000000	-9999.000000	-9999.000000	-9999.000000	-9999.000000	-9999.000000	-9999.000000
-9999.000000	-9999.000000	314.965000	310.399000	286.010000	263.957000	240.111000	223.029000	235.836000	234.401000	238.045000	230.212000	229.126000	214.728000	228.013000	217.834000	212.580000	198.582000	186.187000	200.613000	207.156000	218.937000	-9999.000000	-9999.000000	-9999.000000	-9999.000000	-9999.000000	-9999.000000	-9999.000000
-9999.000000	326.316000	328.638000	321.283000	299.670000	286.050000	271.576000	273.064000	263.598000	244.137000	229.962000	222.333000	213.890000	223.359000	222.208000	210.266000	200.515000	198.980000	188.627000	195.211000	216.572000	227.320000	235.666000	-9999.000000	-9999.000000	-9999.000000	-9999.000000	-9999.000000	-9999.000000
319.445000	326.486000	324.360000	320.482000	297.996000	303.098000	300.882000	283.240000	269.509000	249.071000	239.335000	223.904000	211.672000	204.774000	213.797000	204.049000	197.227000	191.157000	189.767000	203.659000	212.562000	219.444000	226.759000	242.860000	238.279000	-9999.000000	-9999.000000	-9999.000000	-9999.000000
-9999.000000	322.913000	324.887000	320.590000	304.031000	299.625000	291.939000	280.372000	269.458000	258.504000	252.348000	246.559000	240.552000	213.030000	203.038000	195.709000	187.685000	187.559000	181.273000	196.613000	203.794000	213.464000	218.435000	234.186000	225.948000	224.626000	-9999.000000	-9999.000000	-9999.000000
-9999.000000	-9999.000000	-9999.000000	309.255000	295.650000	291.763000	285.727000	271.449000	267.751000	263.078000	255.389000	262.784000	249.780000	215.659000	189.424000	187.868000	186.876000	187.399000	176.311000	188.657000	196.528000	204.207000	211.581000	220.902000	217.162000	227.206000	227.095000	-9999.000000	-9999.000000
-9999.000000	-9999.000000	-9999.000000	-9999.000000	-9999.000000	-9999.000000	279.399000	265.425000	255.883000	248.127000	242.496000	241.424000	228.737000	199.179000	183.555000	180.058000	184.830000	190.313000	180.591000	180.280000	201.478000	211.249000	214.737000	219.291000	220.519000	217.208000	231.469000	231.216000	-9999.000000
-9999.000000	-9999.000000	-9999.000000	-9999.000000	-9999.000000	276.169000	269.820000	253.336000	249.406000	232.283000	223.966000	220.678000	215.640000	198.455000	186.728000	188.313000	192.975000	190.678000	185.556000	192.192000	203.126000	207.383000	212.754000	218.277000	220.292000	220.092000	217.178000	228.834000	-9999.000000
-9999.000000	-9999.000000	-9999.000000	-9999.000000	-9999.000000	281.823000	274.312000	263.533000	240.839000	235.352000	213.453000	201.245000	196.577000	198.516000	200.750000	202.010000	206.995000	203.450000	190.843000	201.540000	202.276000	211.609000	214.493000	220.111000	226.353000	206.629000	213.453000	216.776000	-9999.000000
-9999.000000	-9999.000000	-9999.000000	-9999.000000	316.691000	294.110000	272.337000	249.383000	237.589000	227.355000	214.714000	202.592000	198.139000	205.200000	214.047000	210.369000	217.885000	210.762000	202.069000	212.266000	213.541000	215.560000	217.802000	-9999.000000	-9999.000000	-9999.000000	-9999.000000	-9999.000000	-9999.000000
-9999.000000	-9999.000000	-9999.000000	347.999000	341.105000	312.992000	287.775000	252.242000	232.604000	220.213000	209.929000	208.360000	205.982000	210.102000	218.854000	211.390000	214.832000	216.513000	209.585000	216.228000	211.867000	-9999.000000	-9999.000000	-9999.000000	-9999.000000	-9999.000000	-9999.000000	-9999.000000	-9999.000000
-9999.000000	-9999.000000	369.740000	356.359000	349.281000	330.782000	300.715000	242.647000	227.449000	222.909000	207.717000	206.726000	217.771000	218.298000	221.719000	211.912000	214.758000	219.244000	217.018000	-9999.000000	-9999.000000	-9999.000000	-9999.000000	-9999.000000	-9999.000000	-9999.000000	-9999.000000	-9999.000000	-9999.000000
-9999.000000	-9999.000000	-9999.000000	402.002000	383.864000	359.658000	301.398000	237.202000	222.724000	201.743000	198.082000	197.162000	206.018000	202.035000	219.715000	220.784000	219.444000	221.341000	222.940000	-9999.000000	-9999.000000	-9999.000000	-9999.000000	-9999.000000	-9999.000000	-9999.000000	-9999.000000	-9999.000000	-9999.000000
-9999.000000	-9999.000000	-9999.000000	-9999.000000	-9999.000000	353.489000	313.220000	256.367000	242.777000	222.169000	221.469000	222.979000	200.426000	-9999.000000	-9999.000000	-9999.000000	-9999.000000	235.376000	-9999.000000	-9999.000000	-9999.000000	-9999.000000	-9999.000000	-9999.000000	-9999.000000	-9999.000000	-9999.000000	-9999.000000	-9999.000000
-9999.000000	-9999.000000	-9999.000000	-9999.000000	375.542000	350.062000	271.389000	256.448000	248.971000	223.411000	226.220000	227.616000	-9999.000000	-9999.000000	-9999.000000	-9999.000000	-9999.000000	-9999.000000	-9999.000000	-9999.000000	-9999.000000	-9999.000000	-9999.000000	-9999.000000	-9999.000000	-9999.000000	-9999.000000	-9999.000000	-9999.000000
-9999.000000	-9999.000000	-9999.000000	-9999.000000	-9999.000000	334.407000	273.412000	266.698000	-9999.000000	-9999.000000	-9999.000000	-9999.000000	-9999.000000	-9999.000000	-9999.000000	-9999.000000	-9999.000000	-9999.000000	-9999.000000	-9999.000000	-9999.000000	-9999.000000	-9999.000000	-9999.000000	-9999.000000	-9999.000000	-9999.000000	-9999.000000	-9999.000000
