AMSdata_code/data/figure10/1989_5_sum.txt
ncols         29
nrows         21
xllcorner     119.050298
yllcorner     30.119212
cellsize      0.1
NODATA_value  -9999
-9999.000000	-9999.000000	-9999.000000	85.095000	83.509000	81.304000	85.977000	-9999.000000	-9999.000000	-9999.000000	-9999.000000	-9999.000000	-9999.000000	-9999.000000	-9999.000000	-9999.000000	-9999.000000	-9999.000000	-9999.000000	-9999.000000	-9999.000000	-9999.000000	-9999.000000	-9999.000000	-9999.000000	-9999.000000	-9999.000000	-9999.000000	-9999.000000
-9999.000000	-9999.000000	92.522000	92.774000	86.467000	82.300000	89.297000	92.268000	-9999.000000	-9999.000000	-9999.000000	-9999.000000	-9999.000000	-9999.000000	-9999.000000	-9999.000000	-9999.000000	-9999.000000	-9999.000000	-9999.000000	-9999.000000	-9999.000000	-9999.000000	-9999.000000	-9999.000000	-9999.000000	-9999.000000	-9999.000000	-9999.000000
-9999.000000	-9999.000000	95.599000	91.591000	89.687000	86.446000	85.370000	90.085000	83.507000	-9999.000000	-9999.000000	-9999.000000	-9999.000000	-9999.000000	113.553000	122.762000	124.065000	-9999.000000	-9999.000000	-9999.000000	-9999.000000	-9999.000000	-9999.000000	-9999.000000	-9999.000000	-9999.000000	-9999.000000	-9999.000000	-9999.000000
-9999.000000	-9999.000000	93.623000	90.735000	91.079000	87.088000	86.631000	90.716000	87.035000	82.682000	83.577000	90.606000	92.330000	111.592000	118.982000	120.439000	117.076000	114.799000	-9999.000000	-9999.000000	-9999.000000	-9999.000000	-9999.000000	-9999.000000	-9999.000000	-9999.000000	-9999.000000	-9999.000000	-9999.000000
-9999.000000	-9999.000000	101.046000	97.440000	93.728000	89.708000	87.099000	94.198000	88.854000	88.558000	88.866000	91.940000	94.628000	102.115000	115.217000	121.212000	101.225000	99.897000	-9999.000000	-9999.000000	-9999.000000	-9999.000000	-9999.000000	-9999.000000	-9999.000000	-9999.000000	-9999.000000	-9999.000000	-9999.000000
-9999.000000	-9999.000000	-9999.000000	102.313000	101.691000	94.168000	91.954000	95.560000	95.336000	89.372000	89.055000	95.086000	95.856000	101.870000	108.988000	105.994000	105.196000	99.453000	98.228000	94.743000	91.608000	-9999.000000	-9999.000000	-9999.000000	-9999.000000	-9999.000000	-9999.000000	-9999.000000	-9999.000000
-9999.000000	-9999.000000	115.437000	114.098000	113.880000	108.853000	102.056000	104.296000	101.406000	98.167000	94.939000	98.956000	95.831000	92.224000	95.776000	97.332000	99.564000	100.986000	95.813000	92.783000	93.161000	94.309000	-9999.000000	-9999.000000	-9999.000000	-9999.000000	-9999.000000	-9999.000000	-9999.000000
-9999.000000	132.943000	131.924000	130.406000	128.339000	122.623000	113.406000	116.431000	113.676000	117.711000	108.469000	108.920000	106.046000	102.060000	98.372000	97.296000	95.373000	97.719000	97.684000	92.486000	92.054000	93.177000	97.012000	-9999.000000	-9999.000000	-9999.000000	-9999.000000	-9999.000000	-9999.000000
132.405000	133.853000	132.862000	134.008000	127.982000	122.591000	114.647000	119.108000	117.534000	121.848000	117.440000	108.550000	109.489000	102.798000	100.553000	98.552000	100.139000	101.723000	98.646000	93.725000	93.688000	91.809000	92.218000	94.766000	99.701000	-9999.000000	-9999.000000	-9999.000000	-9999.000000
-9999.000000	144.896000	138.569000	134.361000	133.616000	129.419000	125.577000	122.007000	129.117000	125.299000	120.101000	120.708000	113.577000	105.198000	100.390000	100.379000	101.921000	102.085000	97.182000	95.995000	95.505000	95.064000	93.864000	95.141000	99.172000	98.447000	-9999.000000	-9999.000000	-9999.000000
-9999.000000	-9999.000000	-9999.000000	130.731000	129.994000	131.311000	129.461000	135.467000	132.836000	127.912000	122.015000	121.830000	114.624000	106.730000	102.051000	103.229000	103.376000	101.817000	98.837000	98.194000	94.939000	97.376000	97.877000	95.145000	97.419000	98.922000	100.922000	-9999.000000	-9999.000000
-9999.000000	-9999.000000	-9999.000000	-9999.000000	-9999.000000	-9999.000000	140.761000	143.119000	139.125000	127.058000	123.442000	127.435000	118.313000	114.407000	110.428000	109.371000	107.292000	105.636000	100.267000	97.751000	97.337000	99.342000	98.186000	96.302000	100.369000	99.375000	101.457000	103.233000	-9999.000000
-9999.000000	-9999.000000	-9999.000000	-9999.000000	-9999.000000	151.578000	146.145000	137.872000	132.197000	129.462000	130.546000	125.975000	117.676000	114.743000	114.090000	113.471000	113.191000	112.834000	111.874000	105.055000	104.524000	102.768000	101.957000	103.067000	103.401000	105.191000	109.601000	110.429000	-9999.000000
-9999.000000	-9999.000000	-9999.000000	-9999.000000	-9999.000000	155.868000	152.936000	145.261000	138.853000	136.093000	132.156000	126.249000	121.693000	119.597000	120.674000	117.051000	118.075000	116.443000	114.831000	110.389000	108.459000	107.023000	104.915000	104.261000	106.221000	108.512000	115.950000	119.042000	-9999.000000
-9999.000000	-9999.000000	-9999.000000	-9999.000000	173.028000	164.982000	160.100000	153.312000	145.231000	144.001000	142.881000	137.795000	135.656000	131.316000	126.113000	122.528000	122.833000	119.789000	118.160000	113.319000	112.256000	111.916000	110.179000	-9999.000000	-9999.000000	-9999.000000	-9999.000000	-9999.000000	-9999.000000
-9999.000000	-9999.000000	-9999.000000	183.646000	176.759000	172.596000	166.900000	161.150000	155.927000	154.671000	153.891000	149.371000	147.235000	144.017000	139.494000	132.552000	126.262000	125.092000	121.270000	117.566000	116.819000	-9999.000000	-9999.000000	-9999.000000	-9999.000000	-9999.000000	-9999.000000	-9999.000000	-9999.000000
-9999.000000	-9999.000000	194.135000	189.775000	183.906000	176.493000	172.436000	170.921000	167.347000	165.925000	164.566000	161.275000	159.482000	156.898000	151.994000	144.883000	135.547000	128.602000	127.789000	-9999.000000	-9999.000000	-9999.000000	-9999.000000	-9999.000000	-9999.000000	-9999.000000	-9999.000000	-9999.000000	-9999.000000
-9999.000000	-9999.000000	-9999.000000	201.904000	197.545000	190.887000	184.006000	182.113000	181.979000	187.948000	185.512000	181.101000	176.091000	170.180000	172.639000	166.303000	158.352000	149.754000	149.683000	-9999.000000	-9999.000000	-9999.000000	-9999.000000	-9999.000000	-9999.000000	-9999.000000	-9999.000000	-9999.000000	-9999.000000
-9999.000000	-9999.000000	-9999.000000	-9999.000000	-9999.000000	199.229000	196.649000	194.912000	195.033000	203.881000	203.716000	198.655000	187.709000	-9999.000000	-9999.000000	-9999.000000	-9999.000000	166.140000	-9999.000000	-9999.000000	-9999.000000	-9999.000000	-9999.000000	-9999.000000	-9999.000000	-9999.000000	-9999.000000	-9999.000000	-9999.000000
-9999.000000	-9999.000000	-9999.000000	-9999.000000	217.125000	211.602000	207.379000	205.508000	202.581000	212.707000	212.265000	208.655000	-9999.000000	-9999.000000	-9999.000000	-9999.000000	-9999.000000	-9999.000000	-9999.000000	-9999.000000	-9999.000000	-9999.000000	-9999.000000	-9999.000000	-9999.000000	-9999.000000	-9999.000000	-9999.000000	-9999.000000
-9999.000000	-9999.000000	-9999.000000	-9999.000000	-9999.000000	221.297000	219.316000	214.735000	-9999.000000	-9999.000000	-9999.000000	-9999.000000	-9999.000000	-9999.000000	-9999.000000	-9999.000000	-9999.000000	-9999.000000	-9999.000000	-9999.000000	-9999.000000	-9999.000000	-9999.000000	-9999.000000	-9999.000000	-9999.000000	-9999.000000	-9999.000000	-9999.000000
