AMSdata_code/data/figure10/1989_9_sum.txt
ncols         29
nrows         21
xllcorner     119.050298
yllcorner     30.119212
cellsize      0.1
NODATA_value  -9999
-9999.000000	-9999.000000	-9999.000000	115.906000	114.199000	112.556000	111.189000	-9999.000000	-9999.000000	-9999.000000	-9999.000000	-9999.000000	-9999.000000	-9999.000000	-9999.000000	-9999.000000	-9999.000000	-9999.000000	-9999.000000	-9999.000000	-9999.000000	-9999.000000	-9999.000000	-9999.000000	-9999.000000	-9999.000000	-9999.000000	-9999.000000	-9999.000000
-9999.000000	-9999.000000	119.023000	121.347000	119.954000	119.059000	117.244000	119.662000	-9999.000000	-9999.000000	-9999.000000	-9999.000000	-9999.000000	-9999.000000	-9999.000000	-9999.000000	-9999.000000	-9999.000000	-9999.000000	-9999.000000	-9999.000000	-9999.000000	-9999.000000	-9999.000000	-9999.000000	-9999.000000	-9999.000000	-9999.000000	-9999.000000
-9999.000000	-9999.000000	127.087000	132.130000	130.055000	127.608000	128.340000	129.235000	131.343000	-9999.000000	-9999.000000	-9999.000000	-9999.000000	-9999.000000	125.349000	123.291000	120.564000	-9999.000000	-9999.000000	-9999.000000	-9999.000000	-9999.000000	-9999.000000	-9999.000000	-9999.000000	-9999.000000	-9999.000000	-9999.000000	-9999.000000
-9999.000000	-9999.000000	135.134000	139.419000	134.644000	128.389000	131.428000	132.352000	134.728000	125.381000	130.558000	129.076000	126.352000	125.335000	130.602000	128.883000	129.385000	138.910000	-9999.000000	-9999.000000	-9999.000000	-9999.000000	-9999.000000	-9999.000000	-9999.000000	-9999.000000	-9999.000000	-9999.000000	-9999.000000
-9999.000000	-9999.000000	150.326000	152.819000	144.917000	137.868000	135.349000	136.365000	140.422000	142.461000	141.083000	137.005000	132.163000	130.495000	133.456000	132.975000	137.418000	148.382000	-9999.000000	-9999.000000	-9999.000000	-9999.000000	-9999.000000	-9999.000000	-9999.000000	-9999.000000	-9999.000000	-9999.000000	-9999.000000
-9999.000000	-9999.000000	-9999.000000	166.848000	161.251000	154.114000	144.306000	138.606000	154.606000	149.017000	148.058000	146.904000	145.125000	139.414000	138.100000	140.277000	145.947000	153.365000	161.089000	158.583000	160.134000	-9999.000000	-9999.000000	-9999.000000	-9999.000000	-9999.000000	-9999.000000	-9999.000000	-9999.000000
-9999.000000	-9999.000000	184.106000	190.199000	181.191000	173.795000	160.294000	150.966000	160.000000	155.878000	157.110000	158.699000	156.777000	149.799000	147.076000	145.723000	148.115000	150.882000	160.087000	156.818000	152.947000	150.968000	-9999.000000	-9999.000000	-9999.000000	-9999.000000	-9999.000000	-9999.000000	-9999.000000
-9999.000000	217.156000	224.792000	226.319000	225.556000	218.069000	204.220000	188.192000	173.648000	144.653000	157.150000	165.455000	162.815000	164.654000	156.420000	155.720000	157.624000	168.309000	165.369000	160.052000	159.712000	159.158000	157.416000	-9999.000000	-9999.000000	-9999.000000	-9999.000000	-9999.000000	-9999.000000
215.766000	221.068000	226.097000	225.831000	228.938000	221.253000	213.850000	200.431000	183.855000	152.957000	164.721000	169.205000	167.374000	168.989000	158.305000	154.956000	159.105000	173.137000	165.475000	157.386000	151.981000	151.324000	148.617000	147.956000	147.222000	-9999.000000	-9999.000000	-9999.000000	-9999.000000
-9999.000000	220.219000	224.976000	225.340000	225.912000	221.862000	213.836000	200.994000	189.022000	179.356000	175.325000	172.740000	167.384000	168.702000	157.455000	158.628000	160.491000	175.760000	165.722000	152.714000	150.123000	148.230000	146.163000	142.078000	143.984000	140.796000	-9999.000000	-9999.000000	-9999.000000
-9999.000000	-9999.000000	-9999.000000	221.080000	224.781000	221.389000	214.988000	205.067000	196.341000	186.149000	192.636000	188.821000	172.975000	162.099000	158.186000	166.818000	187.129000	181.869000	153.426000	153.699000	149.633000	147.737000	143.884000	132.300000	142.923000	138.807000	137.985000	-9999.000000	-9999.000000
-9999.000000	-9999.000000	-9999.000000	-9999.000000	-9999.000000	-9999.000000	212.024000	208.511000	206.314000	195.881000	193.710000	193.627000	180.964000	173.010000	171.379000	188.080000	198.394000	189.499000	160.463000	147.131000	143.933000	139.958000	138.480000	139.252000	143.749000	141.427000	140.213000	137.661000	-9999.000000
-9999.000000	-9999.000000	-9999.000000	-9999.000000	-9999.000000	201.348000	200.464000	217.417000	222.958000	227.683000	223.321000	216.995000	208.150000	205.536000	198.026000	202.671000	210.532000	200.130000	176.308000	169.153000	162.625000	157.461000	155.964000	152.882000	142.590000	139.864000	146.215000	145.214000	-9999.000000
-9999.000000	-9999.000000	-9999.000000	-9999.000000	-9999.000000	213.157000	216.372000	226.436000	229.741000	241.522000	240.458000	235.528000	214.725000	208.740000	211.131000	207.465000	212.093000	202.501000	195.998000	184.160000	177.598000	169.175000	165.157000	159.046000	157.567000	153.074000	154.512000	153.714000	-9999.000000
-9999.000000	-9999.000000	-9999.000000	-9999.000000	223.405000	223.020000	227.437000	242.941000	244.360000	252.107000	253.178000	254.852000	234.500000	230.045000	229.551000	224.314000	224.010000	215.986000	209.743000	196.467000	189.501000	183.082000	174.237000	-9999.000000	-9999.000000	-9999.000000	-9999.000000	-9999.000000	-9999.000000
-9999.000000	-9999.000000	-9999.000000	231.340000	230.820000	229.871000	237.001000	253.607000	254.630000	264.080000	267.014000	274.117000	253.182000	249.735000	245.799000	232.882000	230.145000	222.196000	215.727000	203.052000	193.941000	-9999.000000	-9999.000000	-9999.000000	-9999.000000	-9999.000000	-9999.000000	-9999.000000	-9999.000000
-9999.000000	-9999.000000	258.576000	248.841000	244.440000	238.292000	239.729000	269.198000	276.513000	283.636000	281.497000	288.261000	268.656000	265.365000	254.128000	241.933000	233.271000	221.456000	212.271000	-9999.000000	-9999.000000	-9999.000000	-9999.000000	-9999.000000	-9999.000000	-9999.000000	-9999.000000	-9999.000000	-9999.000000
-9999.000000	-9999.000000	-9999.000000	266.947000	264.726000	252.429000	244.581000	281.490000	291.296000	304.260000	297.645000	284.598000	268.974000	266.061000	244.198000	240.156000	233.988000	228.096000	224.856000	-9999.000000	-9999.000000	-9999.000000	-9999.000000	-9999.000000	-9999.000000	-9999.000000	-9999.000000	-9999.000000	-9999.000000
-9999.000000	-9999.000000	-9999.000000	-9999.000000	-9999.000000	287.786000	285.725000	292.607000	308.757000	316.259000	312.820000	300.482000	265.851000	-9999.000000	-9999.000000	-9999.000000	-9999.000000	239.293000	-9999.000000	-9999.000000	-9999.000000	-9999.000000	-9999.000000	-9999.000000	-9999.000000	-9999.000000	-9999.000000	-9999.000000	-9999.000000
-9999.000000	-9999.000000	-9999.000000	-9999.000000	296.654000	289.517000	296.958000	305.551000	315.027000	322.096000	317.956000	299.265000	-9999.000000	-9999.000000	-9999.000000	-9999.000000	-9999.000000	-9999.000000	-9999.000000	-9999.000000	-9999.000000	-9999.000000	-9999.000000	-9999.000000	-9999.000000	-9999.000000	-9999.000000	-9999.000000	-9999.000000
-9999.000000	-9999.000000	-9999.000000	-9999.000000	-9999.000000	298.067000	310.139000	307.143000	-9999.000000	-9999.000000	-9999.000000	-9999.000000	-9999.000000	-9999.000000	-9999.000000	-9999.000000	-9999.000000	-9999.000000	-9999.000000	-9999.000000	-9999.000000	-9999.000000	-9999.000000	-9999.000000	-9999.000000	-9999.000000	-9999.000000	-9999.000000	-9999.000000
