AMSdata_code/data/figure10/1991_7_sum.txt
ncols         29
nrows         21
xllcorner     119.050298
yllcorner     30.119212
cellsize      0.1
NODATA_value  -9999
-9999.000000	-9999.000000	-9999.000000	585.483000	590.723000	597.580000	575.153000	-9999.000000	-9999.000000	-9999.000000	-9999.000000	-9999.000000	-9999.000000	-9999.000000	-9999.000000	-9999.000000	-9999.000000	-9999.000000	-9999.000000	-9999.000000	-9999.000000	-9999.000000	-9999.000000	-9999.000000	-9999.000000	-9999.000000	-9999.000000	-9999.000000	-9999.000000
-9999.000000	-9999.000000	582.263000	555.424000	556.369000	566.690000	558.593000	535.264000	-9999.000000	-9999.000000	-9999.000000	-9999.000000	-9999.000000	-9999.000000	-9999.000000	-9999.000000	-9999.000000	-9999.000000	-9999.000000	-9999.000000	-9999.000000	-9999.000000	-9999.000000	-9999.000000	-9999.000000	-9999.000000	-9999.000000	-9999.000000	-9999.000000
-9999.000000	-9999.000000	533.306000	527.847000	541.842000	537.070000	531.483000	523.083000	513.285000	-9999.000000	-9999.000000	-9999.000000	-9999.000000	-9999.000000	461.247000	468.050000	448.614000	-9999.000000	-9999.000000	-9999.000000	-9999.000000	-9999.000000	-9999.000000	-9999.000000	-9999.000000	-9999.000000	-9999.000000	-9999.000000	-9999.000000
-9999.000000	-9999.000000	522.089000	518.828000	522.924000	522.298000	526.327000	512.754000	524.839000	488.636000	498.613000	500.995000	469.345000	475.570000	443.811000	445.037000	455.377000	440.642000	-9999.000000	-9999.000000	-9999.000000	-9999.000000	-9999.000000	-9999.000000	-9999.000000	-9999.000000	-9999.000000	-9999.000000	-9999.000000
-9999.000000	-9999.000000	535.774000	536.849000	531.455000	516.478000	523.248000	503.580000	513.659000	478.898000	471.862000	456.414000	448.887000	445.952000	434.967000	426.296000	417.906000	425.768000	-9999.000000	-9999.000000	-9999.000000	-9999.000000	-9999.000000	-9999.000000	-9999.000000	-9999.000000	-9999.000000	-9999.000000	-9999.000000
-9999.000000	-9999.000000	-9999.000000	547.013000	511.735000	521.188000	515.171000	502.310000	511.200000	478.200000	480.082000	472.279000	432.191000	422.566000	406.350000	415.957000	417.378000	394.295000	394.792000	377.181000	374.444000	-9999.000000	-9999.000000	-9999.000000	-9999.000000	-9999.000000	-9999.000000	-9999.000000	-9999.000000
-9999.000000	-9999.000000	543.546000	544.522000	519.743000	514.731000	509.642000	495.558000	507.233000	478.617000	482.082000	472.108000	439.135000	426.714000	392.867000	389.318000	389.231000	365.796000	351.528000	335.258000	330.605000	327.073000	-9999.000000	-9999.000000	-9999.000000	-9999.000000	-9999.000000	-9999.000000	-9999.000000
-9999.000000	459.532000	469.834000	470.838000	471.354000	453.158000	453.212000	437.165000	425.702000	371.600000	371.391000	378.585000	369.266000	368.565000	349.082000	353.063000	349.379000	339.095000	348.125000	331.758000	319.107000	328.905000	331.424000	-9999.000000	-9999.000000	-9999.000000	-9999.000000	-9999.000000	-9999.000000
429.596000	451.737000	467.307000	450.540000	457.808000	447.742000	443.753000	436.643000	395.160000	367.764000	368.084000	366.200000	360.980000	353.906000	334.567000	324.149000	320.984000	316.115000	308.266000	305.668000	289.215000	283.857000	282.408000	302.680000	302.438000	-9999.000000	-9999.000000	-9999.000000	-9999.000000
-9999.000000	432.681000	456.048000	436.159000	436.916000	427.012000	433.272000	406.169000	375.839000	352.608000	350.535000	349.483000	336.730000	316.477000	316.107000	295.839000	294.695000	298.980000	288.856000	269.316000	259.693000	250.960000	243.178000	262.919000	262.452000	254.734000	-9999.000000	-9999.000000	-9999.000000
-9999.000000	-9999.000000	-9999.000000	427.552000	431.727000	431.992000	436.747000	388.442000	367.818000	343.183000	325.535000	331.448000	333.961000	314.109000	298.298000	291.950000	284.166000	281.745000	269.183000	243.533000	237.691000	236.335000	234.072000	254.574000	253.717000	243.523000	237.848000	-9999.000000	-9999.000000
-9999.000000	-9999.000000	-9999.000000	-9999.000000	-9999.000000	-9999.000000	409.451000	395.035000	375.592000	322.046000	322.716000	322.182000	304.635000	290.185000	277.342000	277.051000	280.149000	279.475000	275.421000	256.115000	248.816000	249.097000	243.875000	242.133000	240.511000	231.372000	224.913000	215.298000	-9999.000000
-9999.000000	-9999.000000	-9999.000000	-9999.000000	-9999.000000	332.812000	331.342000	324.146000	313.428000	300.988000	296.082000	287.091000	260.038000	245.169000	240.975000	239.996000	253.003000	251.256000	255.272000	245.681000	239.138000	236.959000	231.559000	226.651000	216.618000	207.699000	194.885000	185.941000	-9999.000000
-9999.000000	-9999.000000	-9999.000000	-9999.000000	-9999.000000	330.043000	323.460000	299.293000	292.235000	287.027000	261.564000	264.952000	251.977000	247.313000	242.563000	241.454000	243.351000	244.546000	247.176000	239.753000	246.800000	237.400000	232.406000	229.824000	214.200000	198.178000	199.568000	188.832000	-9999.000000
-9999.000000	-9999.000000	-9999.000000	-9999.000000	323.314000	319.599000	305.261000	285.182000	270.633000	257.328000	268.459000	253.911000	259.042000	246.777000	241.825000	236.021000	254.817000	245.686000	242.729000	245.297000	245.967000	235.315000	232.560000	-9999.000000	-9999.000000	-9999.000000	-9999.000000	-9999.000000	-9999.000000
-9999.000000	-9999.000000	-9999.000000	335.329000	328.894000	308.152000	314.157000	297.653000	273.511000	268.589000	261.874000	261.931000	255.861000	245.908000	246.472000	243.808000	263.088000	244.426000	245.671000	238.446000	241.457000	-9999.000000	-9999.000000	-9999.000000	-9999.000000	-9999.000000	-9999.000000	-9999.000000	-9999.000000
-9999.000000	-9999.000000	358.802000	333.428000	328.460000	311.454000	297.165000	278.261000	268.513000	260.620000	257.228000	271.551000	254.950000	248.228000	242.049000	255.031000	245.438000	245.277000	247.259000	-9999.000000	-9999.000000	-9999.000000	-9999.000000	-9999.000000	-9999.000000	-9999.000000	-9999.000000	-9999.000000	-9999.000000
-9999.000000	-9999.000000	-9999.000000	350.610000	327.113000	305.732000	299.786000	259.902000	261.843000	254.831000	234.141000	238.538000	240.989000	236.005000	230.501000	228.862000	216.087000	212.460000	213.166000	-9999.000000	-9999.000000	-9999.000000	-9999.000000	-9999.000000	-9999.000000	-9999.000000	-9999.000000	-9999.000000	-9999.000000
-9999.000000	-9999.000000	-9999.000000	-9999.000000	-9999.000000	301.073000	276.785000	270.196000	264.657000	249.730000	259.621000	250.433000	251.052000	-9999.000000	-9999.000000	-9999.000000	-9999.000000	212.467000	-9999.000000	-9999.000000	-9999.000000	-9999.000000	-9999.000000	-9999.000000	-9999.000000	-9999.000000	-9999.000000	-9999.000000	-9999.000000
-9999.000000	-9999.000000	-9999.000000	-9999.000000	326.572000	320.451000	313.468000	304.097000	299.065000	302.398000	285.761000	272.141000	-9999.000000	-9999.000000	-9999.000000	-9999.000000	-9999.000000	-9999.000000	-9999.000000	-9999.000000	-9999.000000	-9999.000000	-9999.000000	-9999.000000	-9999.000000	-9999.000000	-9999.000000	-9999.000000	-9999.000000
-9999.000000	-9999.000000	-9999.000000	-9999.000000	-9999.000000	369.211000	353.345000	339.291000	-9999.000000	-9999.000000	-9999.000000	-9999.000000	-9999.000000	-9999.000000	-9999.000000	-9999.000000	-9999.000000	-9999.000000	-9999.000000	-9999.000000	-9999.000000	-9999.000000	-9999.000000	-9999.000000	-9999.000000	-9999.000000	-9999.000000	-9999.000000	-9999.000000
