AMSdata_code/data/figure10/1991_8_sum.txt
ncols         29
nrows         21
xllcorner     119.050298
yllcorner     30.119212
cellsize      0.1
NODATA_value  -9999
-9999.000000	-9999.000000	-9999.000000	265.559000	270.383000	262.887000	259.656000	-9999.000000	-9999.000000	-9999.000000	-9999.000000	-9999.000000	-9999.000000	-9999.000000	-9999.000000	-9999.000000	-9999.000000	-9999.000000	-9999.000000	-9999.000000	-9999.000000	-9999.000000	-9999.000000	-9999.000000	-9999.000000	-9999.000000	-9999.000000	-9999.000000	-9999.000000
-9999.000000	-9999.000000	246.752000	249.151000	243.556000	238.673000	231.330000	228.446000	-9999.000000	-9999.000000	-9999.000000	-9999.000000	-9999.000000	-9999.000000	-9999.000000	-9999.000000	-9999.000000	-9999.000000	-9999.000000	-9999.000000	-9999.000000	-9999.000000	-9999.000000	-9999.000000	-9999.000000	-9999.000000	-9999.000000	-9999.000000	-9999.000000
-9999.000000	-9999.000000	215.845000	210.816000	213.126000	208.120000	204.253000	199.074000	199.377000	-9999.000000	-9999.000000	-9999.000000	-9999.000000	-9999.000000	170.321000	157.834000	141.487000	-9999.000000	-9999.000000	-9999.000000	-9999.000000	-9999.000000	-9999.000000	-9999.000000	-9999.000000	-9999.000000	-9999.000000	-9999.000000	-9999.000000
-9999.000000	-9999.000000	191.475000	195.994000	191.252000	186.898000	183.751000	182.265000	180.968000	180.236000	179.499000	180.667000	174.318000	170.298000	163.298000	150.057000	140.179000	125.146000	-9999.000000	-9999.000000	-9999.000000	-9999.000000	-9999.000000	-9999.000000	-9999.000000	-9999.000000	-9999.000000	-9999.000000	-9999.000000
-9999.000000	-9999.000000	172.854000	173.356000	169.140000	166.167000	163.978000	165.071000	164.108000	165.796000	164.165000	167.644000	159.430000	158.058000	149.442000	145.061000	140.605000	156.357000	-9999.000000	-9999.000000	-9999.000000	-9999.000000	-9999.000000	-9999.000000	-9999.000000	-9999.000000	-9999.000000	-9999.000000	-9999.000000
-9999.000000	-9999.000000	-9999.000000	155.589000	145.850000	147.044000	146.142000	145.107000	148.955000	152.866000	145.367000	152.339000	151.799000	152.223000	147.371000	150.576000	158.603000	163.090000	172.010000	192.268000	199.981000	-9999.000000	-9999.000000	-9999.000000	-9999.000000	-9999.000000	-9999.000000	-9999.000000	-9999.000000
-9999.000000	-9999.000000	154.519000	143.976000	137.606000	137.208000	134.336000	135.436000	136.518000	131.427000	135.540000	143.634000	141.362000	146.133000	146.447000	151.133000	159.729000	167.201000	177.518000	197.859000	214.095000	231.207000	-9999.000000	-9999.000000	-9999.000000	-9999.000000	-9999.000000	-9999.000000	-9999.000000
-9999.000000	121.627000	113.529000	110.526000	110.478000	106.980000	106.649000	117.843000	124.732000	126.050000	126.555000	133.761000	130.753000	135.712000	140.762000	144.917000	148.617000	160.089000	164.568000	191.169000	204.127000	213.959000	228.695000	-9999.000000	-9999.000000	-9999.000000	-9999.000000	-9999.000000	-9999.000000
132.058000	125.742000	117.642000	114.188000	113.369000	109.232000	109.295000	111.653000	103.822000	123.076000	121.323000	126.720000	133.345000	133.812000	139.334000	146.927000	154.130000	167.541000	175.699000	193.970000	196.089000	209.648000	223.279000	231.173000	227.388000	-9999.000000	-9999.000000	-9999.000000	-9999.000000
-9999.000000	121.762000	117.731000	115.974000	111.751000	109.560000	108.820000	110.614000	109.646000	124.066000	121.510000	124.429000	135.332000	134.060000	136.353000	131.939000	121.829000	126.197000	121.563000	183.464000	183.578000	194.613000	200.213000	181.316000	181.998000	209.452000	-9999.000000	-9999.000000	-9999.000000
-9999.000000	-9999.000000	-9999.000000	122.418000	121.490000	115.859000	115.134000	115.884000	117.057000	128.277000	131.574000	131.054000	141.837000	132.484000	127.379000	119.483000	122.252000	122.160000	111.470000	167.818000	171.012000	183.349000	188.092000	146.502000	153.315000	194.180000	206.671000	-9999.000000	-9999.000000
-9999.000000	-9999.000000	-9999.000000	-9999.000000	-9999.000000	-9999.000000	119.044000	120.659000	120.347000	135.694000	134.900000	133.462000	140.878000	128.734000	112.324000	120.573000	125.608000	120.133000	109.638000	164.836000	166.353000	170.101000	165.995000	156.710000	153.814000	189.577000	199.988000	208.707000	-9999.000000
-9999.000000	-9999.000000	-9999.000000	-9999.000000	-9999.000000	113.187000	112.846000	112.329000	113.457000	115.325000	110.053000	115.058000	120.209000	114.244000	98.253000	106.175000	108.108000	108.336000	102.485000	105.897000	103.605000	98.788000	96.755000	132.940000	133.023000	139.420000	161.867000	168.557000	-9999.000000
-9999.000000	-9999.000000	-9999.000000	-9999.000000	-9999.000000	106.295000	100.175000	104.658000	103.555000	120.658000	125.762000	130.627000	111.823000	111.354000	111.180000	94.991000	99.781000	103.889000	107.221000	107.294000	105.311000	102.340000	98.954000	132.956000	130.436000	136.091000	169.232000	175.524000	-9999.000000
-9999.000000	-9999.000000	-9999.000000	-9999.000000	112.948000	110.325000	106.063000	120.804000	123.766000	132.004000	132.571000	131.273000	116.411000	113.620000	115.524000	112.341000	118.886000	117.131000	115.974000	116.734000	115.308000	108.089000	102.686000	-9999.000000	-9999.000000	-9999.000000	-9999.000000	-9999.000000	-9999.000000
-9999.000000	-9999.000000	-9999.000000	136.897000	135.069000	131.087000	129.699000	129.786000	129.901000	140.296000	143.647000	137.228000	121.353000	122.106000	126.161000	126.312000	127.581000	125.512000	120.681000	125.131000	122.352000	-9999.000000	-9999.000000	-9999.000000	-9999.000000	-9999.000000	-9999.000000	-9999.000000	-9999.000000
-9999.000000	-9999.000000	129.924000	126.196000	141.615000	141.778000	137.614000	134.626000	134.353000	142.415000	149.024000	139.693000	131.351000	128.708000	135.304000	136.892000	137.846000	137.105000	134.651000	-9999.000000	-9999.000000	-9999.000000	-9999.000000	-9999.000000	-9999.000000	-9999.000000	-9999.000000	-9999.000000	-9999.000000
-9999.000000	-9999.000000	-9999.000000	140.529000	138.329000	132.056000	137.809000	130.162000	130.612000	131.946000	136.604000	133.638000	132.208000	130.148000	140.292000	142.289000	144.673000	146.338000	135.391000	-9999.000000	-9999.000000	-9999.000000	-9999.000000	-9999.000000	-9999.000000	-9999.000000	-9999.000000	-9999.000000	-9999.000000
-9999.000000	-9999.000000	-9999.000000	-9999.000000	-9999.000000	141.486000	131.407000	129.216000	126.949000	135.145000	140.069000	135.440000	136.284000	-9999.000000	-9999.000000	-9999.000000	-9999.000000	160.110000	-9999.000000	-9999.000000	-9999.000000	-9999.000000	-9999.000000	-9999.000000	-9999.000000	-9999.000000	-9999.000000	-9999.000000	-9999.000000
-9999.000000	-9999.000000	-9999.000000	-9999.000000	154.767000	145.506000	132.221000	126.665000	124.907000	131.640000	131.870000	133.022000	-9999.000000	-9999.000000	-9999.000000	-9999.000000	-9999.000000	-9999.000000	-9999.000000	-9999.000000	-9999.000000	-9999.000000	-9999.000000	-9999.000000	-9999.000000	-9999.000000	-9999.000000	-9999.000000	-9999.000000
-9999.000000	-9999.000000	-9999.000000	-9999.000000	-9999.000000	154.634000	142.333000	133.762000	-9999.000000	-9999.000000	-9999.000000	-9999.000000	-9999.000000	-9999.000000	-9999.000000	-9999.000000	-9999.000000	-9999.000000	-9999.000000	-9999.000000	-9999.000000	-9999.000000	-9999.000000	-9999.000000	-9999.000000	-9999.000000	-9999.000000	-9999.000000	-9999.000000
