AMSdata_code/data/figure10/1991_9_sum.txt
ncols         29
nrows         21
xllcorner     119.050298
yllcorner     30.119212
cellsize      0.1
NODATA_value  -9999
-9999.000000	-9999.000000	-9999.000000	122.228000	132.770000	123.540000	148.434000	-9999.000000	-9999.000000	-9999.000000	-9999.000000	-9999.000000	-9999.000000	-9999.000000	-9999.000000	-9999.000000	-9999.000000	-9999.000000	-9999.000000	-9999.000000	-9999.000000	-9999.000000	-9999.000000	-9999.000000	-9999.000000	-9999.000000	-9999.000000	-9999.000000	-9999.000000
-9999.000000	-9999.000000	133.475000	140.631000	135.989000	137.484000	154.579000	182.422000	-9999.000000	-9999.000000	-9999.000000	-9999.000000	-9999.000000	-9999.000000	-9999.000000	-9999.000000	-9999.000000	-9999.000000	-9999.000000	-9999.000000	-9999.000000	-9999.000000	-9999.000000	-9999.000000	-9999.000000	-9999.000000	-9999.000000	-9999.000000	-9999.000000
-9999.000000	-9999.000000	130.934000	140.518000	142.321000	130.191000	154.344000	162.056000	175.772000	-9999.000000	-9999.000000	-9999.000000	-9999.000000	-9999.000000	138.629000	127.450000	130.574000	-9999.000000	-9999.000000	-9999.000000	-9999.000000	-9999.000000	-9999.000000	-9999.000000	-9999.000000	-9999.000000	-9999.000000	-9999.000000	-9999.000000
-9999.000000	-9999.000000	123.102000	138.640000	140.905000	126.508000	125.823000	137.525000	147.759000	155.106000	152.925000	151.847000	143.053000	136.707000	126.802000	136.264000	129.404000	143.547000	-9999.000000	-9999.000000	-9999.000000	-9999.000000	-9999.000000	-9999.000000	-9999.000000	-9999.000000	-9999.000000	-9999.000000	-9999.000000
-9999.000000	-9999.000000	118.970000	121.578000	126.197000	118.453000	121.797000	123.376000	141.068000	156.731000	182.771000	159.945000	125.808000	127.558000	123.094000	129.469000	133.286000	125.221000	-9999.000000	-9999.000000	-9999.000000	-9999.000000	-9999.000000	-9999.000000	-9999.000000	-9999.000000	-9999.000000	-9999.000000	-9999.000000
-9999.000000	-9999.000000	-9999.000000	122.616000	120.132000	118.166000	112.615000	118.920000	139.016000	154.630000	164.463000	152.188000	134.445000	127.006000	125.557000	117.574000	124.163000	123.561000	132.657000	164.288000	151.850000	-9999.000000	-9999.000000	-9999.000000	-9999.000000	-9999.000000	-9999.000000	-9999.000000	-9999.000000
-9999.000000	-9999.000000	124.957000	125.495000	121.877000	116.799000	119.712000	127.194000	128.397000	136.696000	127.327000	132.442000	123.590000	118.259000	114.515000	111.788000	113.409000	119.093000	135.054000	149.806000	157.254000	159.638000	-9999.000000	-9999.000000	-9999.000000	-9999.000000	-9999.000000	-9999.000000	-9999.000000
-9999.000000	131.703000	129.412000	127.346000	116.951000	116.394000	127.319000	138.067000	153.911000	139.986000	149.363000	147.123000	131.499000	111.585000	114.319000	117.038000	113.278000	126.482000	132.402000	165.941000	162.251000	153.605000	155.950000	-9999.000000	-9999.000000	-9999.000000	-9999.000000	-9999.000000	-9999.000000
135.983000	130.971000	131.264000	126.817000	124.660000	124.988000	128.936000	142.957000	141.426000	138.701000	136.929000	132.872000	128.609000	108.771000	107.793000	108.576000	110.536000	122.132000	129.658000	182.450000	159.411000	158.436000	151.907000	143.538000	157.059000	-9999.000000	-9999.000000	-9999.000000	-9999.000000
-9999.000000	130.790000	130.897000	141.449000	138.500000	144.034000	180.614000	191.825000	171.758000	155.574000	133.343000	124.979000	116.998000	103.645000	100.781000	106.676000	108.033000	112.067000	122.292000	154.308000	156.219000	170.233000	186.094000	195.838000	194.384000	177.774000	-9999.000000	-9999.000000	-9999.000000
-9999.000000	-9999.000000	-9999.000000	153.116000	144.551000	140.895000	157.613000	191.518000	180.131000	182.305000	154.068000	125.920000	113.998000	101.285000	103.980000	105.437000	101.749000	108.764000	116.871000	145.160000	155.210000	173.354000	188.902000	192.690000	198.531000	181.204000	175.225000	-9999.000000	-9999.000000
-9999.000000	-9999.000000	-9999.000000	-9999.000000	-9999.000000	-9999.000000	147.931000	156.182000	155.045000	172.504000	162.435000	153.005000	128.223000	110.834000	98.527000	102.852000	104.425000	111.002000	118.295000	148.176000	158.556000	177.608000	182.251000	185.653000	191.586000	183.161000	175.034000	167.710000	-9999.000000
-9999.000000	-9999.000000	-9999.000000	-9999.000000	-9999.000000	215.269000	178.373000	172.112000	166.684000	170.433000	160.863000	144.639000	133.637000	106.713000	106.724000	114.298000	113.769000	121.336000	133.228000	157.702000	174.139000	175.398000	176.838000	177.603000	183.306000	180.773000	170.565000	166.071000	-9999.000000
-9999.000000	-9999.000000	-9999.000000	-9999.000000	-9999.000000	175.792000	170.922000	159.480000	154.592000	152.070000	146.982000	150.456000	140.417000	124.244000	115.191000	117.679000	123.789000	131.660000	153.172000	170.990000	183.224000	187.787000	189.778000	188.447000	196.927000	187.615000	195.919000	195.503000	-9999.000000
-9999.000000	-9999.000000	-9999.000000	-9999.000000	194.990000	187.269000	179.850000	168.421000	158.679000	153.377000	140.478000	152.899000	150.593000	133.435000	126.156000	126.493000	147.446000	138.964000	169.845000	186.452000	188.335000	199.918000	203.829000	-9999.000000	-9999.000000	-9999.000000	-9999.000000	-9999.000000	-9999.000000
-9999.000000	-9999.000000	-9999.000000	233.628000	212.977000	203.543000	195.952000	176.803000	161.569000	143.532000	140.913000	139.847000	128.299000	131.314000	132.757000	145.452000	161.439000	171.808000	185.550000	201.210000	204.853000	-9999.000000	-9999.000000	-9999.000000	-9999.000000	-9999.000000	-9999.000000	-9999.000000	-9999.000000
-9999.000000	-9999.000000	279.448000	246.586000	224.304000	216.049000	210.422000	192.339000	164.939000	144.210000	136.402000	132.111000	130.161000	132.763000	139.605000	156.664000	175.128000	180.833000	199.291000	-9999.000000	-9999.000000	-9999.000000	-9999.000000	-9999.000000	-9999.000000	-9999.000000	-9999.000000	-9999.000000	-9999.000000
-9999.000000	-9999.000000	-9999.000000	270.543000	249.609000	232.317000	216.372000	202.319000	180.178000	160.122000	148.153000	143.071000	143.747000	143.796000	161.607000	176.213000	188.480000	199.574000	216.750000	-9999.000000	-9999.000000	-9999.000000	-9999.000000	-9999.000000	-9999.000000	-9999.000000	-9999.000000	-9999.000000	-9999.000000
-9999.000000	-9999.000000	-9999.000000	-9999.000000	-9999.000000	199.819000	176.238000	177.499000	172.391000	166.195000	157.823000	147.578000	143.987000	-9999.000000	-9999.000000	-9999.000000	-9999.000000	219.084000	-9999.000000	-9999.000000	-9999.000000	-9999.000000	-9999.000000	-9999.000000	-9999.000000	-9999.000000	-9999.000000	-9999.000000	-9999.000000
-9999.000000	-9999.000000	-9999.000000	-9999.000000	212.190000	197.415000	165.035000	170.977000	171.521000	166.222000	159.058000	153.321000	-9999.000000	-9999.000000	-9999.000000	-9999.000000	-9999.000000	-9999.000000	-9999.000000	-9999.000000	-9999.000000	-9999.000000	-9999.000000	-9999.000000	-9999.000000	-9999.000000	-9999.000000	-9999.000000	-9999.000000
-9999.000000	-9999.000000	-9999.000000	-9999.000000	-9999.000000	222.741000	181.711000	187.456000	-9999.000000	-9999.000000	-9999.000000	-9999.000000	-9999.000000	-9999.000000	-9999.000000	-9999.000000	-9999.000000	-9999.000000	-9999.000000	-9999.000000	-9999.000000	-9999.000000	-9999.000000	-9999.000000	-9999.000000	-9999.000000	-9999.000000	-9999.000000	-9999.000000
