AMSdata_code/data/figure10/1992_9_sum.txt
ncols         29
nrows         21
xllcorner     119.050298
yllcorner     30.119212
cellsize      0.1
NODATA_value  -9999
-9999.000000	-9999.000000	-9999.000000	82.805000	85.916000	86.352000	86.163000	-9999.000000	-9999.000000	-9999.000000	-9999.000000	-9999.000000	-9999.000000	-9999.000000	-9999.000000	-9999.000000	-9999.000000	-9999.000000	-9999.000000	-9999.000000	-9999.000000	-9999.000000	-9999.000000	-9999.000000	-9999.000000	-9999.000000	-9999.000000	-9999.000000	-9999.000000
-9999.000000	-9999.000000	77.796000	80.760000	84.782000	83.893000	81.982000	87.148000	-9999.000000	-9999.000000	-9999.000000	-9999.000000	-9999.000000	-9999.000000	-9999.000000	-9999.000000	-9999.000000	-9999.000000	-9999.000000	-9999.000000	-9999.000000	-9999.000000	-9999.000000	-9999.000000	-9999.000000	-9999.000000	-9999.000000	-9999.000000	-9999.000000
-9999.000000	-9999.000000	92.128000	96.339000	100.605000	98.479000	99.325000	103.494000	104.197000	-9999.000000	-9999.000000	-9999.000000	-9999.000000	-9999.000000	98.761000	101.365000	98.898000	-9999.000000	-9999.000000	-9999.000000	-9999.000000	-9999.000000	-9999.000000	-9999.000000	-9999.000000	-9999.000000	-9999.000000	-9999.000000	-9999.000000
-9999.000000	-9999.000000	101.085000	105.681000	105.418000	100.980000	100.864000	104.983000	105.697000	91.849000	92.528000	98.128000	100.166000	99.887000	98.629000	99.716000	95.836000	95.704000	-9999.000000	-9999.000000	-9999.000000	-9999.000000	-9999.000000	-9999.000000	-9999.000000	-9999.000000	-9999.000000	-9999.000000	-9999.000000
-9999.000000	-9999.000000	123.150000	125.496000	122.430000	111.909000	105.253000	106.089000	113.161000	102.033000	108.992000	107.479000	101.642000	98.075000	94.805000	94.547000	92.816000	93.115000	-9999.000000	-9999.000000	-9999.000000	-9999.000000	-9999.000000	-9999.000000	-9999.000000	-9999.000000	-9999.000000	-9999.000000	-9999.000000
-9999.000000	-9999.000000	-9999.000000	150.476000	142.045000	130.301000	117.475000	116.426000	119.772000	110.050000	116.701000	115.414000	102.506000	97.470000	93.291000	92.248000	97.982000	96.087000	99.144000	107.811000	108.576000	-9999.000000	-9999.000000	-9999.000000	-9999.000000	-9999.000000	-9999.000000	-9999.000000	-9999.000000
-9999.000000	-9999.000000	166.225000	169.434000	161.956000	155.327000	134.736000	127.072000	132.063000	122.660000	119.364000	116.480000	106.721000	100.999000	95.062000	91.179000	92.076000	97.984000	101.784000	111.130000	106.530000	109.695000	-9999.000000	-9999.000000	-9999.000000	-9999.000000	-9999.000000	-9999.000000	-9999.000000
-9999.000000	185.840000	197.034000	202.095000	195.768000	188.549000	176.127000	167.609000	155.741000	148.680000	134.044000	127.996000	113.616000	110.227000	106.315000	111.444000	106.925000	109.704000	119.619000	118.521000	119.013000	118.544000	121.049000	-9999.000000	-9999.000000	-9999.000000	-9999.000000	-9999.000000	-9999.000000
182.051000	194.442000	204.079000	204.472000	200.729000	193.033000	183.112000	173.367000	163.976000	158.060000	149.408000	140.675000	122.476000	110.231000	109.447000	108.843000	111.025000	110.931000	121.391000	123.696000	122.625000	120.492000	120.298000	120.852000	130.723000	-9999.000000	-9999.000000	-9999.000000	-9999.000000
-9999.000000	201.929000	209.913000	211.154000	214.300000	196.613000	194.528000	183.079000	186.482000	172.801000	160.328000	149.643000	142.135000	121.984000	108.983000	103.399000	111.601000	114.175000	119.618000	121.913000	118.616000	123.214000	131.300000	137.603000	134.463000	136.090000	-9999.000000	-9999.000000	-9999.000000
-9999.000000	-9999.000000	-9999.000000	214.446000	210.342000	201.184000	206.326000	199.139000	212.046000	188.467000	173.846000	164.911000	152.335000	139.082000	128.516000	121.060000	112.285000	112.049000	113.469000	113.072000	112.172000	124.756000	130.790000	132.899000	130.494000	127.230000	127.831000	-9999.000000	-9999.000000
-9999.000000	-9999.000000	-9999.000000	-9999.000000	-9999.000000	-9999.000000	224.264000	224.832000	214.213000	204.095000	193.970000	174.978000	160.789000	148.863000	140.418000	132.974000	129.625000	127.505000	123.370000	120.742000	126.245000	132.327000	127.172000	128.286000	125.464000	122.986000	122.721000	117.898000	-9999.000000
-9999.000000	-9999.000000	-9999.000000	-9999.000000	-9999.000000	247.796000	227.713000	233.496000	225.811000	217.750000	210.262000	184.683000	170.560000	164.735000	161.856000	156.813000	149.530000	145.532000	137.729000	145.217000	145.797000	152.865000	150.549000	149.314000	141.888000	137.267000	133.314000	133.880000	-9999.000000
-9999.000000	-9999.000000	-9999.000000	-9999.000000	-9999.000000	200.958000	211.221000	208.031000	209.405000	211.947000	202.918000	192.721000	178.462000	186.324000	180.925000	176.699000	167.423000	159.179000	156.324000	154.318000	155.545000	154.346000	153.586000	152.772000	145.766000	136.974000	142.853000	142.440000	-9999.000000
-9999.000000	-9999.000000	-9999.000000	-9999.000000	216.299000	210.608000	209.514000	207.993000	209.131000	207.638000	202.982000	187.291000	195.218000	193.521000	197.074000	191.485000	184.364000	172.010000	167.461000	163.438000	157.828000	168.195000	164.769000	-9999.000000	-9999.000000	-9999.000000	-9999.000000	-9999.000000	-9999.000000
-9999.000000	-9999.000000	-9999.000000	234.878000	226.666000	218.922000	215.462000	226.148000	219.152000	211.256000	202.816000	190.180000	207.445000	205.445000	208.221000	198.954000	192.458000	187.549000	175.215000	173.836000	166.556000	-9999.000000	-9999.000000	-9999.000000	-9999.000000	-9999.000000	-9999.000000	-9999.000000	-9999.000000
-9999.000000	-9999.000000	262.942000	248.473000	241.353000	229.666000	226.644000	217.983000	209.569000	206.400000	205.439000	207.395000	216.260000	217.900000	222.995000	210.216000	201.120000	198.643000	187.743000	-9999.000000	-9999.000000	-9999.000000	-9999.000000	-9999.000000	-9999.000000	-9999.000000	-9999.000000	-9999.000000	-9999.000000
-9999.000000	-9999.000000	-9999.000000	274.619000	260.134000	248.693000	235.766000	211.901000	214.012000	217.106000	218.682000	220.348000	230.972000	233.367000	248.887000	239.654000	222.031000	216.632000	203.710000	-9999.000000	-9999.000000	-9999.000000	-9999.000000	-9999.000000	-9999.000000	-9999.000000	-9999.000000	-9999.000000	-9999.000000
-9999.000000	-9999.000000	-9999.000000	-9999.000000	-9999.000000	243.282000	231.256000	208.911000	208.615000	208.152000	200.199000	204.310000	235.253000	-9999.000000	-9999.000000	-9999.000000	-9999.000000	229.655000	-9999.000000	-9999.000000	-9999.000000	-9999.000000	-9999.000000	-9999.000000	-9999.000000	-9999.000000	-9999.000000	-9999.000000	-9999.000000
-9999.000000	-9999.000000	-9999.000000	-9999.000000	257.999000	230.487000	226.164000	223.013000	212.487000	207.116000	206.421000	204.167000	-9999.000000	-9999.000000	-9999.000000	-9999.000000	-9999.000000	-9999.000000	-9999.000000	-9999.000000	-9999.000000	-9999.000000	-9999.000000	-9999.000000	-9999.000000	-9999.000000	-9999.000000	-9999.000000	-9999.000000
-9999.000000	-9999.000000	-9999.000000	-9999.000000	-9999.000000	245.315000	241.609000	229.369000	-9999.000000	-9999.000000	-9999.000000	-9999.000000	-9999.000000	-9999.000000	-9999.000000	-9999.000000	-9999.000000	-9999.000000	-9999.000000	-9999.000000	-9999.000000	-9999.000000	-9999.000000	-9999.000000	-9999.000000	-9999.000000	-9999.000000	-9999.000000	-9999.000000
