AMSdata_code/data/figure10/1993_7_sum.txt
ncols         29
nrows         21
xllcorner     119.050298
yllcorner     30.119212
cellsize      0.1
NODATA_value  -9999
-9999.000000	-9999.000000	-9999.000000	131.896000	142.726000	131.350000	131.094000	-9999.000000	-9999.000000	-9999.000000	-9999.000000	-9999.000000	-9999.000000	-9999.000000	-9999.000000	-9999.000000	-9999.000000	-9999.000000	-9999.000000	-9999.000000	-9999.000000	-9999.000000	-9999.000000	-9999.000000	-9999.000000	-9999.000000	-9999.000000	-9999.000000	-9999.000000
-9999.000000	-9999.000000	124.496000	126.503000	134.672000	137.985000	132.594000	128.317000	-9999.000000	-9999.000000	-9999.000000	-9999.000000	-9999.000000	-9999.000000	-9999.000000	-9999.000000	-9999.000000	-9999.000000	-9999.000000	-9999.000000	-9999.000000	-9999.000000	-9999.000000	-9999.000000	-9999.000000	-9999.000000	-9999.000000	-9999.000000	-9999.000000
-9999.000000	-9999.000000	120.152000	130.479000	122.382000	124.599000	118.901000	116.292000	116.324000	-9999.000000	-9999.000000	-9999.000000	-9999.000000	-9999.000000	125.707000	127.471000	124.218000	-9999.000000	-9999.000000	-9999.000000	-9999.000000	-9999.000000	-9999.000000	-9999.000000	-9999.000000	-9999.000000	-9999.000000	-9999.000000	-9999.000000
-9999.000000	-9999.000000	131.893000	128.320000	126.452000	119.267000	110.660000	113.698000	113.903000	110.428000	121.232000	124.130000	120.204000	118.465000	128.333000	131.770000	128.617000	132.386000	-9999.000000	-9999.000000	-9999.000000	-9999.000000	-9999.000000	-9999.000000	-9999.000000	-9999.000000	-9999.000000	-9999.000000	-9999.000000
-9999.000000	-9999.000000	133.839000	135.683000	129.100000	123.407000	117.670000	120.588000	117.119000	132.223000	131.835000	131.520000	129.633000	125.411000	136.613000	142.988000	144.979000	145.239000	-9999.000000	-9999.000000	-9999.000000	-9999.000000	-9999.000000	-9999.000000	-9999.000000	-9999.000000	-9999.000000	-9999.000000	-9999.000000
-9999.000000	-9999.000000	-9999.000000	141.815000	132.357000	130.235000	123.160000	118.934000	125.252000	139.215000	136.737000	139.923000	139.530000	139.029000	144.384000	153.838000	157.284000	152.024000	150.022000	149.706000	152.594000	-9999.000000	-9999.000000	-9999.000000	-9999.000000	-9999.000000	-9999.000000	-9999.000000	-9999.000000
-9999.000000	-9999.000000	143.824000	145.673000	138.237000	138.447000	133.238000	145.747000	149.476000	148.101000	145.693000	148.344000	150.430000	150.326000	150.703000	155.553000	167.511000	161.322000	158.394000	160.855000	167.622000	172.649000	-9999.000000	-9999.000000	-9999.000000	-9999.000000	-9999.000000	-9999.000000	-9999.000000
-9999.000000	163.631000	165.250000	166.841000	180.881000	185.584000	190.540000	194.301000	191.118000	203.794000	203.160000	198.216000	193.471000	220.367000	242.279000	241.633000	252.697000	247.581000	254.731000	232.257000	224.161000	221.381000	220.055000	-9999.000000	-9999.000000	-9999.000000	-9999.000000	-9999.000000	-9999.000000
158.985000	166.745000	169.983000	178.952000	196.399000	201.925000	206.397000	215.407000	211.675000	224.384000	225.069000	217.123000	210.297000	235.337000	258.699000	259.637000	256.552000	266.923000	261.340000	242.094000	234.004000	235.364000	232.889000	231.624000	233.515000	-9999.000000	-9999.000000	-9999.000000	-9999.000000
-9999.000000	174.099000	174.813000	187.282000	201.259000	211.455000	218.547000	233.059000	228.356000	252.146000	248.996000	238.733000	240.532000	239.697000	261.295000	270.097000	265.937000	263.669000	255.174000	239.917000	239.393000	246.364000	264.318000	278.284000	280.162000	267.271000	-9999.000000	-9999.000000	-9999.000000
-9999.000000	-9999.000000	-9999.000000	201.477000	220.306000	229.681000	238.877000	249.209000	249.441000	271.396000	271.268000	265.554000	275.167000	260.258000	268.582000	268.761000	269.517000	259.781000	251.913000	243.376000	249.372000	262.579000	280.096000	293.050000	301.428000	290.942000	290.209000	-9999.000000	-9999.000000
-9999.000000	-9999.000000	-9999.000000	-9999.000000	-9999.000000	-9999.000000	240.757000	256.016000	267.767000	287.630000	288.326000	285.070000	288.209000	264.606000	271.540000	267.121000	266.352000	258.046000	254.281000	253.892000	262.508000	280.405000	290.749000	309.697000	300.755000	300.303000	302.044000	303.559000	-9999.000000
-9999.000000	-9999.000000	-9999.000000	-9999.000000	-9999.000000	242.438000	251.460000	272.897000	289.424000	308.804000	307.230000	303.134000	296.772000	291.674000	284.814000	287.948000	276.810000	277.191000	270.896000	277.245000	278.099000	291.346000	300.360000	305.664000	317.677000	321.707000	323.241000	326.835000	-9999.000000
-9999.000000	-9999.000000	-9999.000000	-9999.000000	-9999.000000	216.844000	232.186000	250.214000	267.058000	301.986000	294.187000	291.021000	301.137000	289.902000	294.683000	301.412000	274.266000	282.141000	281.452000	289.815000	296.722000	302.229000	305.610000	316.252000	324.350000	328.925000	351.027000	358.817000	-9999.000000
-9999.000000	-9999.000000	-9999.000000	-9999.000000	217.917000	228.479000	239.647000	259.630000	267.330000	292.822000	298.992000	290.718000	296.322000	298.960000	313.658000	320.211000	318.361000	307.420000	304.922000	305.170000	314.097000	318.833000	330.727000	-9999.000000	-9999.000000	-9999.000000	-9999.000000	-9999.000000	-9999.000000
-9999.000000	-9999.000000	-9999.000000	205.935000	221.896000	227.266000	237.221000	270.987000	258.551000	280.816000	288.749000	291.405000	289.410000	298.669000	315.405000	327.904000	346.433000	342.553000	322.575000	321.130000	329.369000	-9999.000000	-9999.000000	-9999.000000	-9999.000000	-9999.000000	-9999.000000	-9999.000000	-9999.000000
-9999.000000	-9999.000000	204.697000	208.068000	228.909000	235.324000	247.720000	259.699000	263.778000	288.175000	296.150000	303.596000	304.396000	308.156000	328.419000	345.525000	365.672000	368.095000	358.733000	-9999.000000	-9999.000000	-9999.000000	-9999.000000	-9999.000000	-9999.000000	-9999.000000	-9999.000000	-9999.000000	-9999.000000
-9999.000000	-9999.000000	-9999.000000	237.336000	254.545000	254.910000	243.680000	257.419000	263.515000	289.686000	299.854000	306.501000	306.970000	320.063000	331.134000	349.694000	365.796000	376.861000	378.700000	-9999.000000	-9999.000000	-9999.000000	-9999.000000	-9999.000000	-9999.000000	-9999.000000	-9999.000000	-9999.000000	-9999.000000
-9999.000000	-9999.000000	-9999.000000	-9999.000000	-9999.000000	269.902000	266.519000	274.025000	289.276000	312.111000	334.438000	342.323000	319.253000	-9999.000000	-9999.000000	-9999.000000	-9999.000000	402.600000	-9999.000000	-9999.000000	-9999.000000	-9999.000000	-9999.000000	-9999.000000	-9999.000000	-9999.000000	-9999.000000	-9999.000000	-9999.000000
-9999.000000	-9999.000000	-9999.000000	-9999.000000	251.647000	265.787000	277.655000	288.702000	300.597000	326.380000	337.040000	350.255000	-9999.000000	-9999.000000	-9999.000000	-9999.000000	-9999.000000	-9999.000000	-9999.000000	-9999.000000	-9999.000000	-9999.000000	-9999.000000	-9999.000000	-9999.000000	-9999.000000	-9999.000000	-9999.000000	-9999.000000
-9999.000000	-9999.000000	-9999.000000	-9999.000000	-9999.000000	276.359000	283.771000	301.421000	-9999.000000	-9999.000000	-9999.000000	-9999.000000	-9999.000000	-9999.000000	-9999.000000	-9999.000000	-9999.000000	-9999.000000	-9999.000000	-9999.000000	-9999.000000	-9999.000000	-9999.000000	-9999.000000	-9999.000000	-9999.000000	-9999.000000	-9999.000000	-9999.000000
