AMSdata_code/data/figure10/1993_8_sum.txt
ncols         29
nrows         21
xllcorner     119.050298
yllcorner     30.119212
cellsize      0.1
NODATA_value  -9999
-9999.000000	-9999.000000	-9999.000000	164.912000	178.593000	191.562000	200.406000	-9999.000000	-9999.000000	-9999.000000	-9999.000000	-9999.000000	-9999.000000	-9999.000000	-9999.000000	-9999.000000	-9999.000000	-9999.000000	-9999.000000	-9999.000000	-9999.000000	-9999.000000	-9999.000000	-9999.000000	-9999.000000	-9999.000000	-9999.000000	-9999.000000	-9999.000000
-9999.000000	-9999.000000	171.689000	171.610000	183.906000	191.125000	194.982000	210.449000	-9999.000000	-9999.000000	-9999.000000	-9999.000000	-9999.000000	-9999.000000	-9999.000000	-9999.000000	-9999.000000	-9999.000000	-9999.000000	-9999.000000	-9999.000000	-9999.000000	-9999.000000	-9999.000000	-9999.000000	-9999.000000	-9999.000000	-9999.000000	-9999.000000
-9999.000000	-9999.000000	190.482000	188.420000	200.816000	201.324000	211.294000	201.380000	203.546000	-9999.000000	-9999.000000	-9999.000000	-9999.000000	-9999.000000	304.624000	315.814000	316.311000	-9999.000000	-9999.000000	-9999.000000	-9999.000000	-9999.000000	-9999.000000	-9999.000000	-9999.000000	-9999.000000	-9999.000000	-9999.000000	-9999.000000
-9999.000000	-9999.000000	199.638000	206.888000	215.772000	215.706000	213.249000	217.543000	225.088000	237.434000	240.924000	247.590000	255.717000	267.025000	307.205000	308.223000	321.590000	301.439000	-9999.000000	-9999.000000	-9999.000000	-9999.000000	-9999.000000	-9999.000000	-9999.000000	-9999.000000	-9999.000000	-9999.000000	-9999.000000
-9999.000000	-9999.000000	211.494000	214.390000	232.658000	223.407000	220.404000	235.652000	239.788000	279.185000	272.952000	272.298000	272.890000	275.076000	320.294000	337.412000	342.263000	347.632000	-9999.000000	-9999.000000	-9999.000000	-9999.000000	-9999.000000	-9999.000000	-9999.000000	-9999.000000	-9999.000000	-9999.000000	-9999.000000
-9999.000000	-9999.000000	-9999.000000	239.451000	244.379000	236.766000	232.451000	242.882000	252.894000	299.213000	290.617000	312.025000	318.562000	310.921000	348.208000	358.676000	360.536000	353.774000	399.361000	450.885000	477.247000	-9999.000000	-9999.000000	-9999.000000	-9999.000000	-9999.000000	-9999.000000	-9999.000000	-9999.000000
-9999.000000	-9999.000000	256.977000	263.265000	265.274000	259.947000	245.467000	255.725000	279.394000	322.146000	329.234000	347.359000	365.010000	355.830000	374.951000	367.576000	375.209000	380.481000	394.592000	440.180000	451.867000	479.396000	-9999.000000	-9999.000000	-9999.000000	-9999.000000	-9999.000000	-9999.000000	-9999.000000
-9999.000000	260.603000	274.524000	282.924000	306.614000	302.736000	303.827000	292.648000	305.725000	335.996000	339.072000	350.126000	368.651000	365.602000	358.495000	352.245000	358.206000	350.108000	390.676000	402.972000	415.233000	428.171000	445.506000	-9999.000000	-9999.000000	-9999.000000	-9999.000000	-9999.000000	-9999.000000
224.904000	255.513000	275.516000	294.783000	319.933000	322.393000	335.242000	324.961000	310.560000	346.571000	357.436000	338.081000	385.643000	358.814000	342.480000	357.776000	352.934000	348.542000	388.343000	384.644000	383.340000	404.687000	404.679000	434.405000	423.719000	-9999.000000	-9999.000000	-9999.000000	-9999.000000
-9999.000000	266.540000	277.655000	294.448000	319.247000	334.846000	336.074000	323.757000	314.667000	347.846000	359.613000	369.952000	400.574000	364.064000	342.881000	351.481000	343.610000	353.498000	355.933000	337.889000	330.225000	343.213000	341.018000	344.708000	338.970000	349.463000	-9999.000000	-9999.000000	-9999.000000
-9999.000000	-9999.000000	-9999.000000	309.311000	340.940000	354.225000	351.185000	335.251000	325.958000	365.143000	377.897000	377.254000	391.557000	370.799000	330.097000	354.273000	348.777000	353.453000	325.569000	307.268000	292.450000	286.732000	287.713000	293.949000	302.747000	304.265000	312.570000	-9999.000000	-9999.000000
-9999.000000	-9999.000000	-9999.000000	-9999.000000	-9999.000000	-9999.000000	356.484000	347.546000	350.351000	379.960000	399.296000	401.286000	388.630000	361.327000	293.739000	323.470000	353.511000	328.376000	300.617000	274.254000	276.077000	277.812000	274.342000	283.841000	291.578000	279.849000	276.085000	286.259000	-9999.000000
-9999.000000	-9999.000000	-9999.000000	-9999.000000	-9999.000000	324.946000	327.406000	330.176000	342.881000	365.252000	367.080000	372.150000	333.919000	318.093000	283.995000	296.972000	286.046000	267.202000	269.107000	254.883000	247.942000	236.573000	238.192000	239.572000	250.098000	237.375000	243.540000	260.090000	-9999.000000
-9999.000000	-9999.000000	-9999.000000	-9999.000000	-9999.000000	316.046000	316.673000	334.847000	350.397000	371.276000	386.390000	379.372000	366.654000	349.272000	326.579000	308.430000	283.723000	261.874000	261.533000	247.946000	240.891000	233.075000	223.559000	225.420000	221.964000	230.695000	250.433000	265.396000	-9999.000000
-9999.000000	-9999.000000	-9999.000000	-9999.000000	308.538000	313.706000	332.135000	349.436000	351.365000	356.568000	379.558000	388.393000	381.562000	338.774000	325.142000	314.865000	287.434000	263.371000	260.859000	252.404000	243.077000	237.203000	223.932000	-9999.000000	-9999.000000	-9999.000000	-9999.000000	-9999.000000	-9999.000000
-9999.000000	-9999.000000	-9999.000000	331.821000	338.082000	334.867000	332.580000	357.092000	333.981000	348.729000	365.194000	365.175000	347.430000	337.194000	306.431000	289.234000	274.759000	264.761000	263.751000	256.907000	247.010000	-9999.000000	-9999.000000	-9999.000000	-9999.000000	-9999.000000	-9999.000000	-9999.000000	-9999.000000
-9999.000000	-9999.000000	326.155000	339.877000	351.222000	360.005000	339.104000	347.041000	353.604000	352.253000	350.459000	334.307000	333.781000	312.571000	288.891000	290.779000	283.492000	275.786000	266.009000	-9999.000000	-9999.000000	-9999.000000	-9999.000000	-9999.000000	-9999.000000	-9999.000000	-9999.000000	-9999.000000	-9999.000000
-9999.000000	-9999.000000	-9999.000000	389.031000	389.705000	388.431000	364.259000	360.093000	351.122000	320.250000	307.896000	298.050000	289.514000	266.846000	261.964000	271.486000	263.102000	261.179000	255.173000	-9999.000000	-9999.000000	-9999.000000	-9999.000000	-9999.000000	-9999.000000	-9999.000000	-9999.000000	-9999.000000	-9999.000000
-9999.000000	-9999.000000	-9999.000000	-9999.000000	-9999.000000	386.038000	370.170000	344.911000	341.432000	314.424000	315.990000	301.711000	285.963000	-9999.000000	-9999.000000	-9999.000000	-9999.000000	254.754000	-9999.000000	-9999.000000	-9999.000000	-9999.000000	-9999.000000	-9999.000000	-9999.000000	-9999.000000	-9999.000000	-9999.000000	-9999.000000
-9999.000000	-9999.000000	-9999.000000	-9999.000000	403.988000	401.342000	384.010000	358.296000	358.812000	326.709000	325.622000	306.754000	-9999.000000	-9999.000000	-9999.000000	-9999.000000	-9999.000000	-9999.000000	-9999.000000	-9999.000000	-9999.000000	-9999.000000	-9999.000000	-9999.000000	-9999.000000	-9999.000000	-9999.000000	-9999.000000	-9999.000000
-9999.000000	-9999.000000	-9999.000000	-9999.000000	-9999.000000	407.942000	395.040000	358.433000	-9999.000000	-9999.000000	-9999.000000	-9999.000000	-9999.000000	-9999.000000	-9999.000000	-9999.000000	-9999.000000	-9999.000000	-9999.000000	-9999.000000	-9999.000000	-9999.000000	-9999.000000	-9999.000000	-9999.000000	-9999.000000	-9999.000000	-9999.000000	-9999.000000
