AMSdata_code/data/figure10/1995_8_sum.txt
ncols         29
nrows         21
xllcorner     119.050298
yllcorner     30.119212
cellsize      0.1
NODATA_value  -9999
-9999.000000	-9999.000000	-9999.000000	236.693000	224.527000	218.688000	215.513000	-9999.000000	-9999.000000	-9999.000000	-9999.000000	-9999.000000	-9999.000000	-9999.000000	-9999.000000	-9999.000000	-9999.000000	-9999.000000	-9999.000000	-9999.000000	-9999.000000	-9999.000000	-9999.000000	-9999.000000	-9999.000000	-9999.000000	-9999.000000	-9999.000000	-9999.000000
-9999.000000	-9999.000000	224.195000	211.824000	202.280000	201.095000	196.435000	195.123000	-9999.000000	-9999.000000	-9999.000000	-9999.000000	-9999.000000	-9999.000000	-9999.000000	-9999.000000	-9999.000000	-9999.000000	-9999.000000	-9999.000000	-9999.000000	-9999.000000	-9999.000000	-9999.000000	-9999.000000	-9999.000000	-9999.000000	-9999.000000	-9999.000000
-9999.000000	-9999.000000	184.245000	175.636000	158.522000	156.630000	155.922000	154.123000	151.208000	-9999.000000	-9999.000000	-9999.000000	-9999.000000	-9999.000000	154.293000	154.270000	145.311000	-9999.000000	-9999.000000	-9999.000000	-9999.000000	-9999.000000	-9999.000000	-9999.000000	-9999.000000	-9999.000000	-9999.000000	-9999.000000	-9999.000000
-9999.000000	-9999.000000	172.391000	159.841000	141.759000	145.911000	143.947000	143.655000	141.051000	138.367000	138.559000	134.840000	125.810000	119.144000	129.545000	126.047000	119.810000	113.375000	-9999.000000	-9999.000000	-9999.000000	-9999.000000	-9999.000000	-9999.000000	-9999.000000	-9999.000000	-9999.000000	-9999.000000	-9999.000000
-9999.000000	-9999.000000	153.112000	143.652000	129.405000	129.537000	131.561000	133.436000	129.851000	128.456000	120.504000	114.948000	107.886000	105.020000	109.588000	111.167000	105.049000	105.861000	-9999.000000	-9999.000000	-9999.000000	-9999.000000	-9999.000000	-9999.000000	-9999.000000	-9999.000000	-9999.000000	-9999.000000	-9999.000000
-9999.000000	-9999.000000	-9999.000000	116.627000	88.871000	111.147000	116.472000	122.222000	118.431000	122.401000	118.454000	115.137000	111.721000	94.810000	107.594000	110.889000	110.462000	111.108000	114.412000	123.561000	129.927000	-9999.000000	-9999.000000	-9999.000000	-9999.000000	-9999.000000	-9999.000000	-9999.000000	-9999.000000
-9999.000000	-9999.000000	87.554000	77.833000	74.820000	78.378000	86.050000	92.447000	116.103000	118.058000	103.069000	103.817000	98.695000	96.868000	105.972000	109.183000	107.951000	111.442000	110.977000	123.082000	135.960000	146.636000	-9999.000000	-9999.000000	-9999.000000	-9999.000000	-9999.000000	-9999.000000	-9999.000000
-9999.000000	76.786000	71.893000	69.402000	67.928000	71.194000	78.422000	96.673000	100.440000	92.982000	88.360000	86.382000	74.091000	73.620000	101.699000	102.037000	101.165000	107.156000	104.881000	147.702000	152.580000	156.971000	165.368000	-9999.000000	-9999.000000	-9999.000000	-9999.000000	-9999.000000	-9999.000000
79.537000	71.359000	71.000000	73.533000	69.951000	71.142000	89.977000	95.756000	102.297000	95.107000	89.072000	88.430000	75.889000	77.472000	101.708000	104.593000	97.923000	103.104000	106.684000	147.930000	150.637000	158.840000	165.369000	176.638000	171.098000	-9999.000000	-9999.000000	-9999.000000	-9999.000000
-9999.000000	76.282000	104.634000	82.098000	93.195000	94.457000	102.866000	102.041000	106.338000	89.630000	89.975000	86.003000	73.330000	78.661000	99.002000	103.555000	102.789000	100.608000	110.616000	140.874000	148.959000	155.289000	164.431000	172.309000	163.273000	160.718000	-9999.000000	-9999.000000	-9999.000000
-9999.000000	-9999.000000	-9999.000000	107.525000	109.574000	123.182000	114.227000	116.385000	112.204000	95.502000	88.338000	87.839000	80.585000	75.967000	98.789000	104.578000	104.168000	103.270000	109.833000	136.898000	143.595000	151.890000	162.502000	164.997000	156.396000	154.056000	154.911000	-9999.000000	-9999.000000
-9999.000000	-9999.000000	-9999.000000	-9999.000000	-9999.000000	-9999.000000	119.967000	125.660000	108.515000	91.799000	94.837000	90.920000	88.642000	87.206000	96.002000	90.321000	105.370000	110.176000	110.737000	138.331000	141.976000	154.403000	167.159000	170.201000	152.002000	153.775000	150.562000	150.301000	-9999.000000
-9999.000000	-9999.000000	-9999.000000	-9999.000000	-9999.000000	139.154000	135.005000	134.546000	121.608000	116.785000	120.188000	115.564000	104.690000	104.898000	121.086000	122.208000	129.036000	134.290000	143.124000	163.056000	165.420000	166.951000	167.798000	172.399000	143.732000	142.560000	142.642000	142.169000	-9999.000000
-9999.000000	-9999.000000	-9999.000000	-9999.000000	-9999.000000	147.360000	136.335000	130.914000	126.686000	128.747000	121.142000	122.796000	121.249000	118.103000	122.881000	144.363000	148.647000	152.121000	162.448000	181.314000	179.975000	175.163000	168.563000	170.812000	141.092000	142.106000	143.574000	142.568000	-9999.000000
-9999.000000	-9999.000000	-9999.000000	-9999.000000	154.043000	153.496000	149.129000	130.611000	129.891000	120.521000	121.954000	121.209000	121.699000	114.331000	138.758000	146.826000	157.526000	163.985000	177.320000	192.809000	191.404000	184.333000	178.550000	-9999.000000	-9999.000000	-9999.000000	-9999.000000	-9999.000000	-9999.000000
-9999.000000	-9999.000000	-9999.000000	159.844000	161.668000	157.118000	152.733000	132.451000	135.862000	130.314000	125.262000	121.077000	115.372000	109.560000	145.089000	151.724000	156.210000	174.082000	180.906000	197.614000	194.019000	-9999.000000	-9999.000000	-9999.000000	-9999.000000	-9999.000000	-9999.000000	-9999.000000	-9999.000000
-9999.000000	-9999.000000	163.289000	164.099000	160.432000	159.494000	157.970000	142.037000	140.202000	131.309000	124.060000	108.322000	109.601000	110.562000	140.378000	146.773000	165.112000	174.505000	183.043000	-9999.000000	-9999.000000	-9999.000000	-9999.000000	-9999.000000	-9999.000000	-9999.000000	-9999.000000	-9999.000000	-9999.000000
-9999.000000	-9999.000000	-9999.000000	174.439000	188.720000	185.356000	169.662000	153.195000	143.491000	140.543000	125.908000	120.874000	119.581000	111.889000	134.209000	145.147000	156.733000	170.063000	172.671000	-9999.000000	-9999.000000	-9999.000000	-9999.000000	-9999.000000	-9999.000000	-9999.000000	-9999.000000	-9999.000000	-9999.000000
-9999.000000	-9999.000000	-9999.000000	-9999.000000	-9999.000000	185.950000	169.539000	161.824000	148.312000	133.554000	132.727000	125.364000	120.632000	-9999.000000	-9999.000000	-9999.000000	-9999.000000	172.155000	-9999.000000	-9999.000000	-9999.000000	-9999.000000	-9999.000000	-9999.000000	-9999.000000	-9999.000000	-9999.000000	-9999.000000	-9999.000000
-9999.000000	-9999.000000	-9999.000000	-9999.000000	195.349000	178.664000	171.237000	171.560000	157.588000	146.904000	140.322000	130.536000	-9999.000000	-9999.000000	-9999.000000	-9999.000000	-9999.000000	-9999.000000	-9999.000000	-9999.000000	-9999.000000	-9999.000000	-9999.000000	-9999.000000	-9999.000000	-9999.000000	-9999.000000	-9999.000000	-9999.000000
-9999.000000	-9999.000000	-9999.000000	-9999.000000	-9999.000000	185.659000	183.985000	181.477000	-9999.000000	-9999.000000	-9999.000000	-9999.000000	-9999.000000	-9999.000000	-9999.000000	-9999.000000	-9999.000000	-9999.000000	-9999.000000	-9999.000000	-9999.000000	-9999.000000	-9999.000000	-9999.000000	-9999.000000	-9999.000000	-9999.000000	-9999.000000	-9999.000000
