AMSdata_code/data/figure10/1995_6_sum.txt
ncols         29
nrows         21
xllcorner     119.050298
yllcorner     30.119212
cellsize      0.1
NODATA_value  -9999
-9999.000000	-9999.000000	-9999.000000	226.466000	219.774000	216.989000	223.542000	-9999.000000	-9999.000000	-9999.000000	-9999.000000	-9999.000000	-9999.000000	-9999.000000	-9999.000000	-9999.000000	-9999.000000	-9999.000000	-9999.000000	-9999.000000	-9999.000000	-9999.000000	-9999.000000	-9999.000000	-9999.000000	-9999.000000	-9999.000000	-9999.000000	-9999.000000
-9999.000000	-9999.000000	241.761000	238.696000	240.713000	229.065000	223.129000	219.348000	-9999.000000	-9999.000000	-9999.000000	-9999.000000	-9999.000000	-9999.000000	-9999.000000	-9999.000000	-9999.000000	-9999.000000	-9999.000000	-9999.000000	-9999.000000	-9999.000000	-9999.000000	-9999.000000	-9999.000000	-9999.000000	-9999.000000	-9999.000000	-9999.000000
-9999.000000	-9999.000000	251.640000	244.347000	254.653000	245.974000	246.458000	237.118000	232.811000	-9999.000000	-9999.000000	-9999.000000	-9999.000000	-9999.000000	266.318000	268.725000	268.155000	-9999.000000	-9999.000000	-9999.000000	-9999.000000	-9999.000000	-9999.000000	-9999.000000	-9999.000000	-9999.000000	-9999.000000	-9999.000000	-9999.000000
-9999.000000	-9999.000000	247.589000	247.380000	253.937000	248.719000	244.015000	245.087000	239.961000	233.307000	235.107000	248.002000	248.604000	252.410000	250.670000	250.204000	255.992000	246.319000	-9999.000000	-9999.000000	-9999.000000	-9999.000000	-9999.000000	-9999.000000	-9999.000000	-9999.000000	-9999.000000	-9999.000000	-9999.000000
-9999.000000	-9999.000000	255.796000	250.494000	256.776000	248.689000	242.499000	244.519000	248.727000	233.270000	231.401000	232.048000	234.856000	239.000000	239.189000	240.460000	243.199000	248.211000	-9999.000000	-9999.000000	-9999.000000	-9999.000000	-9999.000000	-9999.000000	-9999.000000	-9999.000000	-9999.000000	-9999.000000	-9999.000000
-9999.000000	-9999.000000	-9999.000000	254.900000	254.353000	249.238000	240.088000	236.402000	235.078000	233.385000	223.283000	228.020000	226.251000	225.660000	222.089000	225.468000	233.754000	235.057000	241.867000	238.051000	232.154000	-9999.000000	-9999.000000	-9999.000000	-9999.000000	-9999.000000	-9999.000000	-9999.000000	-9999.000000
-9999.000000	-9999.000000	262.753000	259.281000	258.092000	250.691000	239.948000	222.545000	220.852000	210.036000	204.715000	200.067000	202.212000	208.559000	218.878000	224.789000	236.080000	266.231000	241.594000	236.842000	222.585000	221.901000	-9999.000000	-9999.000000	-9999.000000	-9999.000000	-9999.000000	-9999.000000	-9999.000000
-9999.000000	279.790000	271.694000	261.968000	252.498000	246.233000	237.531000	232.587000	229.438000	220.900000	214.868000	207.647000	205.940000	209.230000	210.242000	203.264000	195.492000	220.390000	239.435000	230.961000	220.138000	211.300000	210.663000	-9999.000000	-9999.000000	-9999.000000	-9999.000000	-9999.000000	-9999.000000
280.223000	278.254000	269.555000	257.616000	246.618000	240.751000	235.185000	225.854000	222.893000	216.008000	206.605000	197.935000	201.355000	209.649000	197.880000	214.234000	219.229000	245.522000	249.984000	235.955000	213.659000	209.277000	205.100000	202.394000	196.428000	-9999.000000	-9999.000000	-9999.000000	-9999.000000
-9999.000000	275.602000	255.416000	250.424000	244.267000	245.532000	235.378000	237.490000	221.283000	207.869000	201.209000	195.781000	191.394000	193.409000	188.641000	205.800000	223.397000	226.805000	225.219000	219.276000	202.007000	214.417000	223.679000	232.237000	217.364000	210.081000	-9999.000000	-9999.000000	-9999.000000
-9999.000000	-9999.000000	-9999.000000	265.033000	257.592000	261.800000	260.281000	248.574000	236.403000	219.414000	215.784000	214.395000	206.212000	204.009000	196.004000	199.093000	217.046000	208.028000	197.640000	198.252000	198.739000	207.394000	224.652000	228.206000	223.836000	212.538000	203.001000	-9999.000000	-9999.000000
-9999.000000	-9999.000000	-9999.000000	-9999.000000	-9999.000000	-9999.000000	269.951000	261.846000	251.261000	234.547000	233.208000	227.443000	218.787000	200.944000	211.668000	215.171000	225.052000	223.422000	207.307000	208.483000	209.380000	216.374000	217.922000	228.973000	221.581000	211.559000	203.188000	195.076000	-9999.000000
-9999.000000	-9999.000000	-9999.000000	-9999.000000	-9999.000000	298.784000	298.328000	293.155000	298.893000	269.841000	262.875000	257.608000	244.411000	241.856000	225.050000	233.671000	236.514000	238.106000	226.321000	223.220000	223.693000	224.100000	223.425000	223.749000	215.547000	210.030000	204.003000	197.587000	-9999.000000
-9999.000000	-9999.000000	-9999.000000	-9999.000000	-9999.000000	319.555000	330.232000	308.270000	308.975000	301.754000	285.254000	281.049000	265.816000	260.743000	237.545000	240.755000	237.850000	239.799000	241.903000	237.258000	234.860000	231.807000	223.165000	222.034000	212.865000	201.875000	212.796000	210.032000	-9999.000000
-9999.000000	-9999.000000	-9999.000000	-9999.000000	347.228000	338.146000	333.899000	329.548000	313.957000	291.552000	290.594000	283.560000	273.635000	268.788000	256.789000	258.315000	255.385000	245.431000	243.285000	240.849000	241.241000	233.413000	229.854000	-9999.000000	-9999.000000	-9999.000000	-9999.000000	-9999.000000	-9999.000000
-9999.000000	-9999.000000	-9999.000000	368.494000	341.837000	347.563000	340.389000	327.319000	316.576000	305.200000	303.509000	306.531000	296.330000	292.381000	283.054000	278.402000	270.150000	244.051000	248.171000	245.085000	239.288000	-9999.000000	-9999.000000	-9999.000000	-9999.000000	-9999.000000	-9999.000000	-9999.000000	-9999.000000
-9999.000000	-9999.000000	392.903000	373.260000	367.436000	348.188000	350.737000	329.323000	327.419000	311.848000	310.273000	314.883000	314.886000	316.588000	313.222000	304.973000	300.901000	287.229000	282.348000	-9999.000000	-9999.000000	-9999.000000	-9999.000000	-9999.000000	-9999.000000	-9999.000000	-9999.000000	-9999.000000	-9999.000000
-9999.000000	-9999.000000	-9999.000000	420.379000	404.846000	384.086000	354.963000	346.699000	341.083000	323.431000	320.160000	335.032000	336.090000	345.454000	349.623000	351.582000	347.968000	336.903000	339.813000	-9999.000000	-9999.000000	-9999.000000	-9999.000000	-9999.000000	-9999.000000	-9999.000000	-9999.000000	-9999.000000	-9999.000000
-9999.000000	-9999.000000	-9999.000000	-9999.000000	-9999.000000	383.177000	352.891000	351.298000	349.754000	342.137000	336.292000	340.564000	375.202000	-9999.000000	-9999.000000	-9999.000000	-9999.000000	414.448000	-9999.000000	-9999.000000	-9999.000000	-9999.000000	-9999.000000	-9999.000000	-9999.000000	-9999.000000	-9999.000000	-9999.000000	-9999.000000
-9999.000000	-9999.000000	-9999.000000	-9999.000000	393.168000	376.081000	360.534000	357.780000	357.844000	361.928000	368.867000	364.769000	-9999.000000	-9999.000000	-9999.000000	-9999.000000	-9999.000000	-9999.000000	-9999.000000	-9999.000000	-9999.000000	-9999.000000	-9999.000000	-9999.000000	-9999.000000	-9999.000000	-9999.000000	-9999.000000	-9999.000000
-9999.000000	-9999.000000	-9999.000000	-9999.000000	-9999.000000	392.479000	379.609000	379.080000	-9999.000000	-9999.000000	-9999.000000	-9999.000000	-9999.000000	-9999.000000	-9999.000000	-9999.000000	-9999.000000	-9999.000000	-9999.000000	-9999.000000	-9999.000000	-9999.000000	-9999.000000	-9999.000000	-9999.000000	-9999.000000	-9999.000000	-9999.000000	-9999.000000
