AMSdata_code/data/figure10/1995_5_sum.txt
ncols         29
nrows         21
xllcorner     119.050298
yllcorner     30.119212
cellsize      0.1
NODATA_value  -9999
-9999.000000	-9999.000000	-9999.000000	125.791000	126.462000	126.770000	124.464000	-9999.000000	-9999.000000	-9999.000000	-9999.000000	-9999.000000	-9999.000000	-9999.000000	-9999.000000	-9999.000000	-9999.000000	-9999.000000	-9999.000000	-9999.000000	-9999.000000	-9999.000000	-9999.000000	-9999.000000	-9999.000000	-9999.000000	-9999.000000	-9999.000000	-9999.000000
-9999.000000	-9999.000000	130.684000	129.518000	131.955000	129.080000	132.039000	131.581000	-9999.000000	-9999.000000	-9999.000000	-9999.000000	-9999.000000	-9999.000000	-9999.000000	-9999.000000	-9999.000000	-9999.000000	-9999.000000	-9999.000000	-9999.000000	-9999.000000	-9999.000000	-9999.000000	-9999.000000	-9999.000000	-9999.000000	-9999.000000	-9999.000000
-9999.000000	-9999.000000	163.726000	157.571000	157.825000	152.520000	142.674000	143.197000	150.989000	-9999.000000	-9999.000000	-9999.000000	-9999.000000	-9999.000000	142.284000	146.245000	147.535000	-9999.000000	-9999.000000	-9999.000000	-9999.000000	-9999.000000	-9999.000000	-9999.000000	-9999.000000	-9999.000000	-9999.000000	-9999.000000	-9999.000000
-9999.000000	-9999.000000	166.089000	162.551000	156.299000	155.536000	155.922000	157.335000	156.558000	152.062000	148.477000	149.762000	147.622000	152.707000	151.390000	147.300000	150.518000	148.271000	-9999.000000	-9999.000000	-9999.000000	-9999.000000	-9999.000000	-9999.000000	-9999.000000	-9999.000000	-9999.000000	-9999.000000	-9999.000000
-9999.000000	-9999.000000	172.717000	168.656000	162.751000	157.983000	158.539000	162.027000	162.161000	159.137000	153.984000	157.299000	156.067000	155.838000	155.787000	151.939000	154.074000	154.333000	-9999.000000	-9999.000000	-9999.000000	-9999.000000	-9999.000000	-9999.000000	-9999.000000	-9999.000000	-9999.000000	-9999.000000	-9999.000000
-9999.000000	-9999.000000	-9999.000000	171.976000	166.001000	165.261000	161.906000	164.819000	164.931000	162.621000	159.501000	167.364000	162.501000	164.947000	165.142000	159.060000	166.409000	150.788000	146.606000	151.193000	153.603000	-9999.000000	-9999.000000	-9999.000000	-9999.000000	-9999.000000	-9999.000000	-9999.000000	-9999.000000
-9999.000000	-9999.000000	179.778000	176.183000	168.782000	167.573000	165.523000	164.188000	164.450000	164.513000	170.507000	177.977000	175.224000	172.063000	170.681000	169.588000	175.777000	168.257000	148.860000	160.822000	151.216000	164.495000	-9999.000000	-9999.000000	-9999.000000	-9999.000000	-9999.000000	-9999.000000	-9999.000000
-9999.000000	192.530000	188.072000	182.526000	174.971000	172.706000	173.295000	169.308000	168.753000	180.306000	184.135000	191.664000	177.393000	176.940000	175.571000	178.088000	177.012000	187.848000	188.136000	190.363000	184.734000	180.617000	187.515000	-9999.000000	-9999.000000	-9999.000000	-9999.000000	-9999.000000	-9999.000000
204.891000	198.177000	192.372000	185.752000	181.262000	174.825000	174.419000	171.482000	167.044000	177.401000	180.067000	186.838000	179.196000	180.456000	182.194000	183.305000	187.994000	198.844000	199.938000	196.887000	185.651000	183.792000	189.349000	188.324000	191.059000	-9999.000000	-9999.000000	-9999.000000	-9999.000000
-9999.000000	201.469000	195.807000	189.853000	186.300000	179.212000	174.431000	169.145000	167.366000	172.557000	174.237000	174.054000	180.666000	180.512000	182.782000	189.455000	199.038000	203.849000	198.048000	190.996000	184.849000	193.880000	188.565000	191.746000	200.376000	200.067000	-9999.000000	-9999.000000	-9999.000000
-9999.000000	-9999.000000	-9999.000000	196.287000	197.119000	192.102000	183.092000	167.706000	165.993000	170.192000	172.049000	172.433000	181.791000	176.218000	182.599000	191.343000	197.536000	199.290000	192.845000	184.323000	183.027000	187.471000	197.434000	198.296000	201.937000	201.383000	204.549000	-9999.000000	-9999.000000
-9999.000000	-9999.000000	-9999.000000	-9999.000000	-9999.000000	-9999.000000	188.254000	174.694000	167.864000	175.800000	177.126000	175.579000	182.209000	179.204000	181.558000	186.407000	188.398000	190.443000	188.449000	183.354000	184.652000	186.543000	188.469000	195.523000	197.109000	196.456000	200.009000	202.804000	-9999.000000
-9999.000000	-9999.000000	-9999.000000	-9999.000000	-9999.000000	196.694000	192.558000	184.074000	182.992000	182.981000	180.678000	173.265000	178.717000	175.499000	177.880000	182.559000	181.967000	184.699000	189.176000	189.608000	189.419000	182.818000	185.989000	190.875000	199.234000	200.980000	201.788000	205.651000	-9999.000000
-9999.000000	-9999.000000	-9999.000000	-9999.000000	-9999.000000	192.128000	198.967000	181.015000	182.923000	188.757000	186.275000	181.345000	177.007000	176.469000	173.694000	175.490000	177.770000	181.393000	194.752000	192.537000	193.811000	190.311000	194.544000	198.291000	201.050000	203.252000	205.125000	208.743000	-9999.000000
-9999.000000	-9999.000000	-9999.000000	-9999.000000	188.288000	191.400000	190.611000	191.334000	188.167000	191.890000	191.615000	186.582000	181.094000	180.176000	176.543000	178.598000	181.281000	183.632000	196.428000	196.676000	199.511000	197.399000	203.528000	-9999.000000	-9999.000000	-9999.000000	-9999.000000	-9999.000000	-9999.000000
-9999.000000	-9999.000000	-9999.000000	205.836000	196.553000	198.512000	192.431000	191.890000	186.858000	188.776000	189.740000	189.381000	182.126000	181.264000	181.849000	179.766000	177.852000	177.249000	192.868000	194.351000	192.542000	-9999.000000	-9999.000000	-9999.000000	-9999.000000	-9999.000000	-9999.000000	-9999.000000	-9999.000000
-9999.000000	-9999.000000	210.536000	204.188000	202.496000	199.641000	198.659000	188.374000	184.310000	184.532000	187.893000	190.003000	183.126000	181.548000	181.865000	181.693000	178.957000	177.369000	185.186000	-9999.000000	-9999.000000	-9999.000000	-9999.000000	-9999.000000	-9999.000000	-9999.000000	-9999.000000	-9999.000000	-9999.000000
-9999.000000	-9999.000000	-9999.000000	222.573000	220.269000	210.370000	198.468000	195.707000	192.778000	183.691000	179.711000	180.118000	174.375000	172.140000	174.811000	175.634000	177.088000	178.003000	188.657000	-9999.000000	-9999.000000	-9999.000000	-9999.000000	-9999.000000	-9999.000000	-9999.000000	-9999.000000	-9999.000000	-9999.000000
-9999.000000	-9999.000000	-9999.000000	-9999.000000	-9999.000000	212.321000	207.625000	214.220000	213.751000	198.951000	196.221000	189.159000	185.982000	-9999.000000	-9999.000000	-9999.000000	-9999.000000	189.675000	-9999.000000	-9999.000000	-9999.000000	-9999.000000	-9999.000000	-9999.000000	-9999.000000	-9999.000000	-9999.000000	-9999.000000	-9999.000000
-9999.000000	-9999.000000	-9999.000000	-9999.000000	235.604000	229.173000	230.578000	224.932000	220.283000	211.333000	206.386000	200.153000	-9999.000000	-9999.000000	-9999.000000	-9999.000000	-9999.000000	-9999.000000	-9999.000000	-9999.000000	-9999.000000	-9999.000000	-9999.000000	-9999.000000	-9999.000000	-9999.000000	-9999.000000	-9999.000000	-9999.000000
-9999.000000	-9999.000000	-9999.000000	-9999.000000	-9999.000000	258.483000	243.476000	241.524000	-9999.000000	-9999.000000	-9999.000000	-9999.000000	-9999.000000	-9999.000000	-9999.000000	-9999.000000	-9999.000000	-9999.000000	-9999.000000	-9999.000000	-9999.000000	-9999.000000	-9999.000000	-9999.000000	-9999.000000	-9999.000000	-9999.000000	-9999.000000	-9999.000000
