AMSdata_code/data/figure10/1997_9_sum.txt
ncols         29
nrows         21
xllcorner     119.050298
yllcorner     30.119212
cellsize      0.1
NODATA_value  -9999
-9999.000000	-9999.000000	-9999.000000	19.480000	13.931000	13.672000	12.980000	-9999.000000	-9999.000000	-9999.000000	-9999.000000	-9999.000000	-9999.000000	-9999.000000	-9999.000000	-9999.000000	-9999.000000	-9999.000000	-9999.000000	-9999.000000	-9999.000000	-9999.000000	-9999.000000	-9999.000000	-9999.000000	-9999.000000	-9999.000000	-9999.000000	-9999.000000
-9999.000000	-9999.000000	18.875000	21.710000	14.790000	15.470000	15.630000	16.609000	-9999.000000	-9999.000000	-9999.000000	-9999.000000	-9999.000000	-9999.000000	-9999.000000	-9999.000000	-9999.000000	-9999.000000	-9999.000000	-9999.000000	-9999.000000	-9999.000000	-9999.000000	-9999.000000	-9999.000000	-9999.000000	-9999.000000	-9999.000000	-9999.000000
-9999.000000	-9999.000000	14.790000	13.620000	9.320000	8.850000	8.600000	10.206000	12.421000	-9999.000000	-9999.000000	-9999.000000	-9999.000000	-9999.000000	21.801000	22.092000	21.370000	-9999.000000	-9999.000000	-9999.000000	-9999.000000	-9999.000000	-9999.000000	-9999.000000	-9999.000000	-9999.000000	-9999.000000	-9999.000000	-9999.000000
-9999.000000	-9999.000000	13.930000	13.580000	8.940000	8.430000	8.480000	8.820000	12.309000	14.926000	16.209000	17.963000	19.398000	20.353000	22.001000	22.716000	21.272000	20.816000	-9999.000000	-9999.000000	-9999.000000	-9999.000000	-9999.000000	-9999.000000	-9999.000000	-9999.000000	-9999.000000	-9999.000000	-9999.000000
-9999.000000	-9999.000000	12.480000	10.960000	8.340000	8.280000	7.910000	8.740000	10.484000	12.875000	16.664000	18.083000	19.189000	20.337000	22.431000	22.532000	21.867000	21.700000	-9999.000000	-9999.000000	-9999.000000	-9999.000000	-9999.000000	-9999.000000	-9999.000000	-9999.000000	-9999.000000	-9999.000000	-9999.000000
-9999.000000	-9999.000000	-9999.000000	9.980000	7.460000	7.670000	7.680000	8.520000	10.230000	12.840000	13.898000	18.511000	19.602000	21.397000	21.733000	22.874000	22.446000	22.629000	21.823000	22.005000	22.707000	-9999.000000	-9999.000000	-9999.000000	-9999.000000	-9999.000000	-9999.000000	-9999.000000	-9999.000000
-9999.000000	-9999.000000	9.659000	9.190000	6.970000	7.060000	7.520000	9.940000	9.952000	12.458000	14.305000	19.932000	21.052000	23.354000	22.720000	24.581000	24.720000	25.126000	23.859000	25.191000	25.413000	25.925000	-9999.000000	-9999.000000	-9999.000000	-9999.000000	-9999.000000	-9999.000000	-9999.000000
-9999.000000	14.327000	12.303000	11.802000	8.980000	9.190000	10.060000	11.047000	11.874000	19.164000	21.897000	26.343000	27.459000	28.854000	31.007000	31.462000	31.955000	31.868000	29.892000	29.190000	32.162000	31.157000	34.068000	-9999.000000	-9999.000000	-9999.000000	-9999.000000	-9999.000000	-9999.000000
18.314000	14.997000	13.535000	14.264000	10.464000	10.294000	12.717000	12.615000	13.366000	21.414000	23.563000	29.482000	30.148000	33.177000	33.343000	33.224000	33.578000	35.213000	32.956000	36.871000	36.485000	37.655000	33.174000	35.445000	41.647000	-9999.000000	-9999.000000	-9999.000000	-9999.000000
-9999.000000	18.815000	17.195000	16.568000	12.647000	13.218000	13.750000	14.228000	16.364000	23.346000	29.324000	33.050000	35.619000	36.357000	36.180000	35.562000	34.895000	35.673000	34.725000	38.729000	37.829000	31.757000	39.275000	40.064000	34.611000	35.458000	-9999.000000	-9999.000000	-9999.000000
-9999.000000	-9999.000000	-9999.000000	20.961000	16.829000	17.963000	16.599000	16.379000	18.644000	29.875000	32.733000	34.303000	38.920000	38.017000	37.505000	37.924000	38.485000	39.388000	34.784000	38.465000	36.203000	30.559000	36.742000	35.190000	31.717000	40.268000	41.349000	-9999.000000	-9999.000000
-9999.000000	-9999.000000	-9999.000000	-9999.000000	-9999.000000	-9999.000000	20.772000	20.066000	21.893000	32.981000	34.190000	35.399000	38.157000	36.325000	36.094000	37.385000	36.964000	37.737000	39.307000	33.530000	31.505000	30.802000	34.767000	34.004000	32.649000	34.254000	34.532000	35.591000	-9999.000000
-9999.000000	-9999.000000	-9999.000000	-9999.000000	-9999.000000	39.838000	36.486000	34.218000	36.366000	35.749000	38.707000	38.889000	40.736000	36.399000	44.048000	45.088000	46.276000	45.886000	40.314000	41.083000	38.980000	39.040000	38.501000	40.522000	36.497000	37.160000	37.393000	37.918000	-9999.000000
-9999.000000	-9999.000000	-9999.000000	-9999.000000	-9999.000000	47.894000	45.982000	41.674000	36.555000	34.733000	39.421000	39.571000	39.461000	36.552000	39.082000	39.441000	42.589000	43.833000	44.285000	42.357000	40.977000	39.627000	39.148000	39.838000	40.799000	38.705000	40.186000	41.169000	-9999.000000
-9999.000000	-9999.000000	-9999.000000	-9999.000000	56.933000	54.137000	52.713000	46.725000	45.020000	38.929000	35.685000	37.155000	35.917000	39.162000	46.696000	48.126000	50.672000	50.386000	50.401000	51.148000	50.454000	49.151000	49.162000	-9999.000000	-9999.000000	-9999.000000	-9999.000000	-9999.000000	-9999.000000
-9999.000000	-9999.000000	-9999.000000	66.297000	66.739000	61.688000	61.474000	54.328000	50.158000	43.565000	45.091000	42.891000	38.818000	42.469000	52.317000	53.729000	55.527000	55.198000	54.953000	57.490000	57.578000	-9999.000000	-9999.000000	-9999.000000	-9999.000000	-9999.000000	-9999.000000	-9999.000000	-9999.000000
-9999.000000	-9999.000000	81.987000	79.160000	74.841000	70.778000	67.385000	62.043000	54.177000	48.536000	50.926000	49.158000	45.936000	47.429000	56.208000	59.076000	59.835000	60.341000	60.485000	-9999.000000	-9999.000000	-9999.000000	-9999.000000	-9999.000000	-9999.000000	-9999.000000	-9999.000000	-9999.000000	-9999.000000
-9999.000000	-9999.000000	-9999.000000	104.107000	94.834000	86.445000	77.402000	69.141000	61.000000	48.194000	51.936000	49.957000	53.829000	53.268000	60.977000	60.820000	62.889000	65.729000	67.177000	-9999.000000	-9999.000000	-9999.000000	-9999.000000	-9999.000000	-9999.000000	-9999.000000	-9999.000000	-9999.000000	-9999.000000
-9999.000000	-9999.000000	-9999.000000	-9999.000000	-9999.000000	72.522000	65.518000	50.168000	44.968000	29.040000	36.901000	42.831000	52.728000	-9999.000000	-9999.000000	-9999.000000	-9999.000000	73.892000	-9999.000000	-9999.000000	-9999.000000	-9999.000000	-9999.000000	-9999.000000	-9999.000000	-9999.000000	-9999.000000	-9999.000000	-9999.000000
-9999.000000	-9999.000000	-9999.000000	-9999.000000	85.862000	78.536000	60.461000	52.351000	46.208000	35.343000	32.333000	46.188000	-9999.000000	-9999.000000	-9999.000000	-9999.000000	-9999.000000	-9999.000000	-9999.000000	-9999.000000	-9999.000000	-9999.000000	-9999.000000	-9999.000000	-9999.000000	-9999.000000	-9999.000000	-9999.000000	-9999.000000
-9999.000000	-9999.000000	-9999.000000	-9999.000000	-9999.000000	78.088000	66.755000	56.381000	-9999.000000	-9999.000000	-9999.000000	-9999.000000	-9999.000000	-9999.000000	-9999.000000	-9999.000000	-9999.000000	-9999.000000	-9999.000000	-9999.000000	-9999.000000	-9999.000000	-9999.000000	-9999.000000	-9999.000000	-9999.000000	-9999.000000	-9999.000000	-9999.000000
