AMSdata_code/data/figure10/1997_6_sum.txt
ncols         29
nrows         21
xllcorner     119.050298
yllcorner     30.119212
cellsize      0.1
NODATA_value  -9999
-9999.000000	-9999.000000	-9999.000000	186.828000	177.903000	173.198000	161.358000	-9999.000000	-9999.000000	-9999.000000	-9999.000000	-9999.000000	-9999.000000	-9999.000000	-9999.000000	-9999.000000	-9999.000000	-9999.000000	-9999.000000	-9999.000000	-9999.000000	-9999.000000	-9999.000000	-9999.000000	-9999.000000	-9999.000000	-9999.000000	-9999.000000	-9999.000000
-9999.000000	-9999.000000	180.269000	174.237000	167.272000	154.424000	146.437000	142.417000	-9999.000000	-9999.000000	-9999.000000	-9999.000000	-9999.000000	-9999.000000	-9999.000000	-9999.000000	-9999.000000	-9999.000000	-9999.000000	-9999.000000	-9999.000000	-9999.000000	-9999.000000	-9999.000000	-9999.000000	-9999.000000	-9999.000000	-9999.000000	-9999.000000
-9999.000000	-9999.000000	164.319000	153.892000	146.843000	132.460000	128.684000	122.802000	113.937000	-9999.000000	-9999.000000	-9999.000000	-9999.000000	-9999.000000	135.703000	144.635000	152.353000	-9999.000000	-9999.000000	-9999.000000	-9999.000000	-9999.000000	-9999.000000	-9999.000000	-9999.000000	-9999.000000	-9999.000000	-9999.000000	-9999.000000
-9999.000000	-9999.000000	141.415000	141.412000	134.882000	123.924000	117.550000	112.991000	105.988000	114.560000	106.849000	108.931000	110.815000	115.021000	131.130000	138.543000	149.641000	163.341000	-9999.000000	-9999.000000	-9999.000000	-9999.000000	-9999.000000	-9999.000000	-9999.000000	-9999.000000	-9999.000000	-9999.000000	-9999.000000
-9999.000000	-9999.000000	129.877000	129.117000	120.988000	114.069000	106.491000	104.939000	96.396000	105.057000	99.931000	102.032000	102.902000	108.249000	122.837000	132.919000	148.432000	159.851000	-9999.000000	-9999.000000	-9999.000000	-9999.000000	-9999.000000	-9999.000000	-9999.000000	-9999.000000	-9999.000000	-9999.000000	-9999.000000
-9999.000000	-9999.000000	-9999.000000	114.056000	110.385000	105.642000	99.192000	91.738000	88.758000	97.351000	95.578000	100.332000	100.259000	105.068000	116.814000	133.803000	150.981000	151.240000	179.111000	205.938000	193.187000	-9999.000000	-9999.000000	-9999.000000	-9999.000000	-9999.000000	-9999.000000	-9999.000000	-9999.000000
-9999.000000	-9999.000000	102.235000	98.179000	93.916000	93.440000	89.251000	86.699000	84.437000	89.710000	95.569000	99.822000	104.810000	104.586000	124.240000	136.421000	148.596000	163.162000	187.984000	199.620000	191.942000	194.382000	-9999.000000	-9999.000000	-9999.000000	-9999.000000	-9999.000000	-9999.000000	-9999.000000
-9999.000000	87.122000	91.558000	89.580000	86.286000	75.040000	76.122000	78.615000	78.735000	95.869000	98.596000	101.993000	104.493000	103.047000	119.250000	126.121000	125.498000	146.578000	173.486000	152.463000	154.531000	162.007000	166.951000	-9999.000000	-9999.000000	-9999.000000	-9999.000000	-9999.000000	-9999.000000
77.830000	77.097000	72.627000	75.413000	76.642000	78.579000	79.067000	81.375000	81.681000	100.789000	102.547000	107.987000	110.527000	118.990000	124.907000	131.205000	137.434000	144.931000	181.996000	156.937000	151.694000	137.837000	142.727000	146.846000	170.904000	-9999.000000	-9999.000000	-9999.000000	-9999.000000
-9999.000000	79.755000	75.535000	77.924000	78.670000	78.687000	80.122000	87.369000	80.316000	106.160000	110.353000	117.221000	121.246000	129.568000	129.697000	133.697000	142.921000	142.689000	180.493000	131.268000	126.944000	127.383000	128.186000	131.812000	135.896000	137.650000	-9999.000000	-9999.000000	-9999.000000
-9999.000000	-9999.000000	-9999.000000	81.210000	87.684000	90.535000	92.603000	92.479000	98.094000	110.396000	114.630000	121.734000	126.727000	125.441000	127.541000	135.475000	141.271000	159.454000	166.217000	123.198000	120.318000	121.129000	123.001000	123.786000	128.159000	131.700000	132.009000	-9999.000000	-9999.000000
-9999.000000	-9999.000000	-9999.000000	-9999.000000	-9999.000000	-9999.000000	96.442000	102.033000	107.964000	123.919000	123.526000	115.852000	119.683000	119.842000	116.744000	124.641000	149.650000	152.405000	157.493000	118.464000	115.904000	120.515000	122.124000	124.583000	125.732000	128.471000	128.888000	132.047000	-9999.000000
-9999.000000	-9999.000000	-9999.000000	-9999.000000	-9999.000000	108.682000	111.216000	119.002000	121.566000	124.237000	121.670000	109.678000	112.173000	111.775000	108.708000	112.143000	111.371000	113.992000	124.101000	113.811000	112.570000	111.177000	110.427000	115.491000	119.090000	122.631000	123.963000	128.274000	-9999.000000
-9999.000000	-9999.000000	-9999.000000	-9999.000000	-9999.000000	119.631000	123.510000	126.752000	126.881000	132.806000	134.849000	130.813000	113.591000	113.089000	118.357000	120.661000	113.107000	114.231000	121.440000	111.230000	110.869000	109.264000	109.404000	109.709000	113.858000	115.727000	124.645000	130.936000	-9999.000000
-9999.000000	-9999.000000	-9999.000000	-9999.000000	131.807000	134.381000	136.136000	132.553000	124.604000	128.100000	131.301000	136.149000	126.991000	129.497000	124.105000	122.618000	117.374000	113.343000	118.547000	107.295000	107.514000	105.922000	107.488000	-9999.000000	-9999.000000	-9999.000000	-9999.000000	-9999.000000	-9999.000000
-9999.000000	-9999.000000	-9999.000000	137.331000	142.472000	138.227000	128.695000	131.476000	121.058000	125.535000	131.868000	140.708000	134.307000	134.240000	128.850000	126.405000	117.867000	113.430000	118.196000	108.215000	108.116000	-9999.000000	-9999.000000	-9999.000000	-9999.000000	-9999.000000	-9999.000000	-9999.000000	-9999.000000
-9999.000000	-9999.000000	158.293000	153.792000	160.839000	149.018000	136.537000	132.318000	135.905000	135.982000	139.827000	144.679000	140.423000	134.964000	135.101000	131.775000	123.312000	119.497000	120.334000	-9999.000000	-9999.000000	-9999.000000	-9999.000000	-9999.000000	-9999.000000	-9999.000000	-9999.000000	-9999.000000	-9999.000000
-9999.000000	-9999.000000	-9999.000000	188.129000	184.268000	171.070000	146.823000	140.249000	148.607000	150.405000	149.933000	150.166000	140.309000	139.886000	140.051000	131.985000	125.256000	122.421000	122.511000	-9999.000000	-9999.000000	-9999.000000	-9999.000000	-9999.000000	-9999.000000	-9999.000000	-9999.000000	-9999.000000	-9999.000000
-9999.000000	-9999.000000	-9999.000000	-9999.000000	-9999.000000	178.920000	162.444000	142.807000	147.442000	156.163000	157.429000	153.310000	153.699000	-9999.000000	-9999.000000	-9999.000000	-9999.000000	130.903000	-9999.000000	-9999.000000	-9999.000000	-9999.000000	-9999.000000	-9999.000000	-9999.000000	-9999.000000	-9999.000000	-9999.000000	-9999.000000
-9999.000000	-9999.000000	-9999.000000	-9999.000000	195.977000	186.762000	172.177000	161.821000	169.789000	167.367000	167.987000	160.176000	-9999.000000	-9999.000000	-9999.000000	-9999.000000	-9999.000000	-9999.000000	-9999.000000	-9999.000000	-9999.000000	-9999.000000	-9999.000000	-9999.000000	-9999.000000	-9999.000000	-9999.000000	-9999.000000	-9999.000000
-9999.000000	-9999.000000	-9999.000000	-9999.000000	-9999.000000	188.037000	185.133000	172.596000	-9999.000000	-9999.000000	-9999.000000	-9999.000000	-9999.000000	-9999.000000	-9999.000000	-9999.000000	-9999.000000	-9999.000000	-9999.000000	-9999.000000	-9999.000000	-9999.000000	-9999.000000	-9999.000000	-9999.000000	-9999.000000	-9999.000000	-9999.000000	-9999.000000
