AMSdata_code/data/figure10/1997_7_sum.txt
ncols         29
nrows         21
xllcorner     119.050298
yllcorner     30.119212
cellsize      0.1
NODATA_value  -9999
-9999.000000	-9999.000000	-9999.000000	139.106000	130.856000	134.760000	138.485000	-9999.000000	-9999.000000	-9999.000000	-9999.000000	-9999.000000	-9999.000000	-9999.000000	-9999.000000	-9999.000000	-9999.000000	-9999.000000	-9999.000000	-9999.000000	-9999.000000	-9999.000000	-9999.000000	-9999.000000	-9999.000000	-9999.000000	-9999.000000	-9999.000000	-9999.000000
-9999.000000	-9999.000000	135.987000	131.277000	134.654000	135.212000	136.582000	136.672000	-9999.000000	-9999.000000	-9999.000000	-9999.000000	-9999.000000	-9999.000000	-9999.000000	-9999.000000	-9999.000000	-9999.000000	-9999.000000	-9999.000000	-9999.000000	-9999.000000	-9999.000000	-9999.000000	-9999.000000	-9999.000000	-9999.000000	-9999.000000	-9999.000000
-9999.000000	-9999.000000	108.619000	105.446000	120.872000	122.995000	121.266000	122.689000	122.918000	-9999.000000	-9999.000000	-9999.000000	-9999.000000	-9999.000000	124.724000	115.633000	118.628000	-9999.000000	-9999.000000	-9999.000000	-9999.000000	-9999.000000	-9999.000000	-9999.000000	-9999.000000	-9999.000000	-9999.000000	-9999.000000	-9999.000000
-9999.000000	-9999.000000	123.069000	120.613000	110.089000	114.804000	114.499000	118.109000	119.132000	125.142000	126.144000	129.515000	131.318000	124.115000	131.218000	120.444000	126.080000	125.994000	-9999.000000	-9999.000000	-9999.000000	-9999.000000	-9999.000000	-9999.000000	-9999.000000	-9999.000000	-9999.000000	-9999.000000	-9999.000000
-9999.000000	-9999.000000	118.826000	108.679000	112.198000	110.803000	106.281000	111.038000	114.498000	123.187000	114.170000	114.463000	123.054000	122.502000	137.165000	121.810000	133.988000	135.231000	-9999.000000	-9999.000000	-9999.000000	-9999.000000	-9999.000000	-9999.000000	-9999.000000	-9999.000000	-9999.000000	-9999.000000	-9999.000000
-9999.000000	-9999.000000	-9999.000000	115.980000	111.735000	111.525000	104.048000	104.537000	107.880000	116.395000	115.911000	124.804000	126.369000	121.037000	122.437000	128.275000	137.147000	142.235000	151.533000	160.036000	159.611000	-9999.000000	-9999.000000	-9999.000000	-9999.000000	-9999.000000	-9999.000000	-9999.000000	-9999.000000
-9999.000000	-9999.000000	108.031000	107.437000	106.659000	103.181000	104.699000	105.233000	108.249000	117.073000	120.858000	123.381000	128.644000	117.784000	121.662000	128.848000	135.648000	146.307000	157.455000	166.968000	165.683000	166.877000	-9999.000000	-9999.000000	-9999.000000	-9999.000000	-9999.000000	-9999.000000	-9999.000000
-9999.000000	111.251000	115.686000	108.353000	113.255000	114.315000	115.608000	115.322000	118.943000	130.940000	137.902000	140.874000	125.697000	131.335000	148.111000	151.231000	157.947000	164.455000	173.500000	180.257000	177.753000	178.182000	179.392000	-9999.000000	-9999.000000	-9999.000000	-9999.000000	-9999.000000	-9999.000000
127.683000	111.096000	114.380000	111.179000	115.076000	116.532000	120.333000	135.058000	133.666000	137.988000	135.962000	143.951000	139.240000	141.873000	160.409000	161.658000	161.829000	168.288000	175.729000	178.504000	173.214000	180.004000	179.538000	180.613000	173.587000	-9999.000000	-9999.000000	-9999.000000	-9999.000000
-9999.000000	124.252000	112.462000	114.740000	120.225000	130.795000	139.702000	148.211000	157.189000	163.967000	165.498000	163.361000	157.426000	157.237000	167.003000	172.793000	174.944000	178.489000	172.619000	179.054000	178.946000	185.449000	192.650000	203.354000	199.302000	209.440000	-9999.000000	-9999.000000	-9999.000000
-9999.000000	-9999.000000	-9999.000000	137.255000	140.442000	146.550000	154.393000	160.021000	164.475000	177.213000	179.394000	179.283000	170.838000	164.600000	178.508000	185.154000	188.705000	189.817000	183.291000	183.015000	191.271000	201.527000	211.117000	218.104000	221.224000	232.155000	234.746000	-9999.000000	-9999.000000
-9999.000000	-9999.000000	-9999.000000	-9999.000000	-9999.000000	-9999.000000	179.801000	185.050000	181.362000	187.421000	191.078000	187.924000	176.127000	165.898000	181.464000	191.144000	196.218000	196.846000	206.811000	211.758000	216.724000	225.316000	232.483000	243.340000	248.525000	252.242000	255.552000	256.655000	-9999.000000
-9999.000000	-9999.000000	-9999.000000	-9999.000000	-9999.000000	226.632000	235.468000	237.279000	238.350000	242.929000	254.942000	239.959000	227.761000	212.115000	212.840000	227.153000	237.910000	243.578000	243.358000	250.042000	258.119000	261.029000	265.079000	276.249000	281.351000	288.849000	292.634000	298.958000	-9999.000000
-9999.000000	-9999.000000	-9999.000000	-9999.000000	-9999.000000	256.842000	262.891000	266.540000	265.820000	280.733000	281.240000	276.625000	263.614000	267.489000	275.708000	277.448000	281.158000	281.954000	280.864000	279.787000	282.678000	284.431000	288.593000	298.635000	310.928000	309.850000	331.151000	342.622000	-9999.000000
-9999.000000	-9999.000000	-9999.000000	-9999.000000	286.141000	281.946000	288.545000	291.439000	293.757000	300.896000	300.889000	296.192000	289.183000	300.213000	311.313000	315.977000	317.134000	318.453000	313.384000	314.121000	312.092000	314.215000	321.400000	-9999.000000	-9999.000000	-9999.000000	-9999.000000	-9999.000000	-9999.000000
-9999.000000	-9999.000000	-9999.000000	289.667000	307.111000	304.143000	305.367000	306.024000	305.390000	318.466000	321.063000	304.627000	308.821000	320.256000	333.243000	339.984000	343.901000	342.824000	339.311000	338.519000	334.066000	-9999.000000	-9999.000000	-9999.000000	-9999.000000	-9999.000000	-9999.000000	-9999.000000	-9999.000000
-9999.000000	-9999.000000	317.224000	311.970000	334.109000	327.071000	327.161000	321.793000	320.762000	331.043000	335.415000	343.164000	337.764000	346.015000	352.230000	363.187000	373.784000	373.067000	373.176000	-9999.000000	-9999.000000	-9999.000000	-9999.000000	-9999.000000	-9999.000000	-9999.000000	-9999.000000	-9999.000000	-9999.000000
-9999.000000	-9999.000000	-9999.000000	383.287000	401.429000	389.465000	370.137000	362.889000	355.310000	366.544000	372.187000	385.950000	387.632000	394.030000	399.723000	409.699000	407.044000	407.779000	396.617000	-9999.000000	-9999.000000	-9999.000000	-9999.000000	-9999.000000	-9999.000000	-9999.000000	-9999.000000	-9999.000000	-9999.000000
-9999.000000	-9999.000000	-9999.000000	-9999.000000	-9999.000000	385.769000	376.656000	360.790000	357.241000	379.953000	395.009000	404.321000	417.205000	-9999.000000	-9999.000000	-9999.000000	-9999.000000	436.745000	-9999.000000	-9999.000000	-9999.000000	-9999.000000	-9999.000000	-9999.000000	-9999.000000	-9999.000000	-9999.000000	-9999.000000	-9999.000000
-9999.000000	-9999.000000	-9999.000000	-9999.000000	390.413000	390.546000	391.717000	384.448000	386.325000	403.603000	412.496000	424.074000	-9999.000000	-9999.000000	-9999.000000	-9999.000000	-9999.000000	-9999.000000	-9999.000000	-9999.000000	-9999.000000	-9999.000000	-9999.000000	-9999.000000	-9999.000000	-9999.000000	-9999.000000	-9999.000000	-9999.000000
-9999.000000	-9999.000000	-9999.000000	-9999.000000	-9999.000000	406.537000	403.665000	399.930000	-9999.000000	-9999.000000	-9999.000000	-9999.000000	-9999.000000	-9999.000000	-9999.000000	-9999.000000	-9999.000000	-9999.000000	-9999.000000	-9999.000000	-9999.000000	-9999.000000	-9999.000000	-9999.000000	-9999.000000	-9999.000000	-9999.000000	-9999.000000	-9999.000000
