AMSdata_code/data/figure10/1997_5_sum.txt
ncols         29
nrows         21
xllcorner     119.050298
yllcorner     30.119212
cellsize      0.1
NODATA_value  -9999
-9999.000000	-9999.000000	-9999.000000	100.410000	111.551000	122.772000	125.310000	-9999.000000	-9999.000000	-9999.000000	-9999.000000	-9999.000000	-9999.000000	-9999.000000	-9999.000000	-9999.000000	-9999.000000	-9999.000000	-9999.000000	-9999.000000	-9999.000000	-9999.000000	-9999.000000	-9999.000000	-9999.000000	-9999.000000	-9999.000000	-9999.000000	-9999.000000
-9999.000000	-9999.000000	96.467000	98.365000	123.373000	130.223000	139.123000	133.744000	-9999.000000	-9999.000000	-9999.000000	-9999.000000	-9999.000000	-9999.000000	-9999.000000	-9999.000000	-9999.000000	-9999.000000	-9999.000000	-9999.000000	-9999.000000	-9999.000000	-9999.000000	-9999.000000	-9999.000000	-9999.000000	-9999.000000	-9999.000000	-9999.000000
-9999.000000	-9999.000000	99.939000	115.137000	149.606000	155.307000	158.959000	151.252000	150.835000	-9999.000000	-9999.000000	-9999.000000	-9999.000000	-9999.000000	116.822000	113.759000	112.479000	-9999.000000	-9999.000000	-9999.000000	-9999.000000	-9999.000000	-9999.000000	-9999.000000	-9999.000000	-9999.000000	-9999.000000	-9999.000000	-9999.000000
-9999.000000	-9999.000000	114.854000	121.622000	154.063000	162.145000	168.722000	161.569000	160.434000	153.118000	141.252000	133.756000	123.862000	120.213000	113.472000	110.487000	109.311000	101.364000	-9999.000000	-9999.000000	-9999.000000	-9999.000000	-9999.000000	-9999.000000	-9999.000000	-9999.000000	-9999.000000	-9999.000000	-9999.000000
-9999.000000	-9999.000000	135.896000	142.270000	174.163000	180.631000	168.509000	163.170000	164.936000	156.659000	142.891000	131.753000	127.265000	125.268000	121.246000	113.618000	103.255000	98.621000	-9999.000000	-9999.000000	-9999.000000	-9999.000000	-9999.000000	-9999.000000	-9999.000000	-9999.000000	-9999.000000	-9999.000000	-9999.000000
-9999.000000	-9999.000000	-9999.000000	143.331000	163.477000	171.482000	180.883000	173.680000	171.211000	149.206000	143.595000	141.255000	135.718000	128.062000	122.330000	114.056000	101.417000	101.434000	94.543000	83.899000	82.004000	-9999.000000	-9999.000000	-9999.000000	-9999.000000	-9999.000000	-9999.000000	-9999.000000	-9999.000000
-9999.000000	-9999.000000	136.332000	140.049000	155.250000	162.677000	165.517000	168.141000	166.629000	159.874000	148.408000	140.277000	138.296000	131.535000	118.739000	112.199000	104.248000	94.715000	96.007000	83.287000	81.622000	82.514000	-9999.000000	-9999.000000	-9999.000000	-9999.000000	-9999.000000	-9999.000000	-9999.000000
-9999.000000	132.019000	134.570000	139.948000	144.259000	150.745000	151.842000	154.765000	151.322000	148.035000	140.014000	136.514000	132.095000	122.733000	115.228000	109.575000	100.769000	98.020000	91.891000	88.438000	87.916000	82.542000	84.402000	-9999.000000	-9999.000000	-9999.000000	-9999.000000	-9999.000000	-9999.000000
123.836000	132.895000	132.955000	136.497000	148.351000	149.355000	150.017000	153.539000	143.946000	143.214000	137.583000	130.364000	124.343000	120.316000	112.212000	104.410000	104.321000	97.523000	94.573000	89.282000	87.062000	89.787000	92.883000	95.859000	96.894000	-9999.000000	-9999.000000	-9999.000000	-9999.000000
-9999.000000	129.381000	132.916000	136.365000	146.179000	146.194000	144.063000	151.022000	140.201000	136.253000	131.620000	124.301000	113.105000	113.509000	106.122000	105.000000	103.603000	98.195000	90.249000	90.787000	89.836000	86.820000	88.727000	92.491000	89.413000	88.748000	-9999.000000	-9999.000000	-9999.000000
-9999.000000	-9999.000000	-9999.000000	128.755000	136.761000	137.906000	138.482000	144.003000	134.895000	133.242000	133.148000	128.867000	112.005000	109.672000	102.946000	106.052000	102.974000	97.204000	94.689000	87.180000	86.742000	85.666000	88.622000	90.073000	91.640000	90.515000	89.668000	-9999.000000	-9999.000000
-9999.000000	-9999.000000	-9999.000000	-9999.000000	-9999.000000	-9999.000000	132.785000	137.492000	133.136000	132.883000	131.385000	125.718000	106.907000	94.479000	93.798000	100.631000	101.895000	97.990000	94.424000	88.858000	89.058000	87.760000	89.923000	91.728000	91.818000	91.264000	90.694000	79.125000	-9999.000000
-9999.000000	-9999.000000	-9999.000000	-9999.000000	-9999.000000	115.353000	113.693000	124.845000	123.644000	119.132000	115.505000	109.244000	97.564000	98.878000	98.087000	101.377000	102.407000	95.993000	93.584000	90.500000	90.285000	92.950000	94.651000	95.970000	91.347000	91.692000	91.507000	82.039000	-9999.000000
-9999.000000	-9999.000000	-9999.000000	-9999.000000	-9999.000000	129.107000	127.456000	123.734000	120.499000	115.060000	108.500000	102.301000	93.395000	104.672000	102.030000	104.671000	101.182000	87.326000	95.158000	92.022000	92.403000	93.447000	95.102000	96.601000	88.200000	91.906000	87.194000	85.363000	-9999.000000
-9999.000000	-9999.000000	-9999.000000	-9999.000000	137.307000	133.080000	128.265000	122.578000	115.184000	105.950000	99.965000	96.430000	89.403000	88.906000	98.265000	90.614000	89.659000	87.398000	86.652000	84.918000	84.762000	85.200000	86.584000	-9999.000000	-9999.000000	-9999.000000	-9999.000000	-9999.000000	-9999.000000
-9999.000000	-9999.000000	-9999.000000	139.108000	142.443000	136.226000	128.614000	120.720000	109.459000	99.075000	94.120000	91.494000	86.299000	85.323000	96.837000	82.492000	89.840000	88.584000	88.496000	87.876000	87.460000	-9999.000000	-9999.000000	-9999.000000	-9999.000000	-9999.000000	-9999.000000	-9999.000000	-9999.000000
-9999.000000	-9999.000000	148.038000	144.450000	147.954000	144.228000	134.090000	115.115000	101.138000	92.376000	88.295000	86.754000	83.191000	82.761000	95.331000	93.710000	100.995000	89.166000	90.350000	-9999.000000	-9999.000000	-9999.000000	-9999.000000	-9999.000000	-9999.000000	-9999.000000	-9999.000000	-9999.000000	-9999.000000
-9999.000000	-9999.000000	-9999.000000	179.917000	179.527000	164.224000	139.083000	115.124000	103.047000	90.497000	88.202000	99.273000	91.658000	95.203000	102.713000	104.233000	100.797000	108.345000	111.911000	-9999.000000	-9999.000000	-9999.000000	-9999.000000	-9999.000000	-9999.000000	-9999.000000	-9999.000000	-9999.000000	-9999.000000
-9999.000000	-9999.000000	-9999.000000	-9999.000000	-9999.000000	131.387000	116.831000	103.048000	95.651000	84.105000	88.106000	98.717000	104.646000	-9999.000000	-9999.000000	-9999.000000	-9999.000000	99.595000	-9999.000000	-9999.000000	-9999.000000	-9999.000000	-9999.000000	-9999.000000	-9999.000000	-9999.000000	-9999.000000	-9999.000000	-9999.000000
-9999.000000	-9999.000000	-9999.000000	-9999.000000	132.509000	129.058000	118.741000	108.398000	102.802000	95.690000	101.895000	107.022000	-9999.000000	-9999.000000	-9999.000000	-9999.000000	-9999.000000	-9999.000000	-9999.000000	-9999.000000	-9999.000000	-9999.000000	-9999.000000	-9999.000000	-9999.000000	-9999.000000	-9999.000000	-9999.000000	-9999.000000
-9999.000000	-9999.000000	-9999.000000	-9999.000000	-9999.000000	138.992000	129.713000	120.600000	-9999.000000	-9999.000000	-9999.000000	-9999.000000	-9999.000000	-9999.000000	-9999.000000	-9999.000000	-9999.000000	-9999.000000	-9999.000000	-9999.000000	-9999.000000	-9999.000000	-9999.000000	-9999.000000	-9999.000000	-9999.000000	-9999.000000	-9999.000000	-9999.000000
