AMSdata_code/data/figure10/1999_7_sum.txt
ncols         29
nrows         21
xllcorner     119.050298
yllcorner     30.119212
cellsize      0.1
NODATA_value  -9999
-9999.000000	-9999.000000	-9999.000000	97.055000	110.363000	121.013000	131.194000	-9999.000000	-9999.000000	-9999.000000	-9999.000000	-9999.000000	-9999.000000	-9999.000000	-9999.000000	-9999.000000	-9999.000000	-9999.000000	-9999.000000	-9999.000000	-9999.000000	-9999.000000	-9999.000000	-9999.000000	-9999.000000	-9999.000000	-9999.000000	-9999.000000	-9999.000000
-9999.000000	-9999.000000	90.778000	99.016000	104.607000	114.676000	129.494000	142.922000	-9999.000000	-9999.000000	-9999.000000	-9999.000000	-9999.000000	-9999.000000	-9999.000000	-9999.000000	-9999.000000	-9999.000000	-9999.000000	-9999.000000	-9999.000000	-9999.000000	-9999.000000	-9999.000000	-9999.000000	-9999.000000	-9999.000000	-9999.000000	-9999.000000
-9999.000000	-9999.000000	96.054000	102.183000	114.299000	122.952000	135.358000	143.285000	153.228000	-9999.000000	-9999.000000	-9999.000000	-9999.000000	-9999.000000	170.851000	167.862000	168.992000	-9999.000000	-9999.000000	-9999.000000	-9999.000000	-9999.000000	-9999.000000	-9999.000000	-9999.000000	-9999.000000	-9999.000000	-9999.000000	-9999.000000
-9999.000000	-9999.000000	96.280000	101.999000	111.067000	122.403000	126.841000	137.236000	144.699000	147.651000	148.909000	148.682000	165.755000	164.948000	169.633000	164.981000	162.076000	156.688000	-9999.000000	-9999.000000	-9999.000000	-9999.000000	-9999.000000	-9999.000000	-9999.000000	-9999.000000	-9999.000000	-9999.000000	-9999.000000
-9999.000000	-9999.000000	102.498000	100.882000	111.657000	124.587000	125.761000	130.753000	136.615000	134.915000	136.890000	139.550000	153.613000	158.955000	156.670000	154.460000	151.054000	148.339000	-9999.000000	-9999.000000	-9999.000000	-9999.000000	-9999.000000	-9999.000000	-9999.000000	-9999.000000	-9999.000000	-9999.000000	-9999.000000
-9999.000000	-9999.000000	-9999.000000	112.527000	120.058000	119.130000	123.969000	121.168000	133.341000	132.027000	131.702000	131.389000	150.459000	149.978000	148.867000	147.251000	149.502000	143.476000	141.409000	130.944000	120.971000	-9999.000000	-9999.000000	-9999.000000	-9999.000000	-9999.000000	-9999.000000	-9999.000000	-9999.000000
-9999.000000	-9999.000000	115.792000	118.738000	128.944000	128.423000	126.107000	124.441000	130.453000	126.715000	125.851000	130.146000	148.600000	146.084000	141.653000	138.183000	137.178000	134.529000	132.548000	123.949000	115.043000	108.106000	-9999.000000	-9999.000000	-9999.000000	-9999.000000	-9999.000000	-9999.000000	-9999.000000
-9999.000000	120.942000	124.169000	123.650000	125.165000	124.313000	122.450000	116.226000	126.935000	128.032000	129.598000	130.967000	129.783000	120.920000	119.148000	119.603000	115.584000	117.067000	109.885000	111.255000	109.403000	108.037000	106.625000	-9999.000000	-9999.000000	-9999.000000	-9999.000000	-9999.000000	-9999.000000
123.974000	127.707000	129.972000	133.343000	128.647000	128.689000	131.565000	127.121000	125.812000	120.415000	124.189000	124.256000	119.146000	114.241000	116.898000	115.518000	116.456000	114.671000	109.445000	114.785000	110.151000	106.551000	106.518000	114.007000	110.335000	-9999.000000	-9999.000000	-9999.000000	-9999.000000
-9999.000000	135.446000	137.193000	138.500000	130.754000	129.840000	135.210000	138.884000	141.020000	123.242000	127.716000	122.532000	117.402000	111.417000	115.630000	115.637000	113.636000	116.012000	110.274000	111.258000	106.424000	105.338000	105.213000	118.076000	111.309000	112.978000	-9999.000000	-9999.000000	-9999.000000
-9999.000000	-9999.000000	-9999.000000	145.770000	138.908000	139.874000	144.185000	144.353000	147.969000	133.602000	122.270000	122.609000	114.269000	107.794000	111.315000	117.574000	115.957000	118.184000	109.969000	107.717000	104.068000	104.227000	105.631000	117.270000	112.209000	114.206000	116.109000	-9999.000000	-9999.000000
-9999.000000	-9999.000000	-9999.000000	-9999.000000	-9999.000000	-9999.000000	152.442000	142.505000	156.684000	142.504000	127.164000	116.494000	111.626000	102.063000	103.237000	110.026000	115.752000	117.752000	109.712000	110.000000	107.699000	108.114000	107.732000	120.736000	112.558000	115.273000	118.200000	119.875000	-9999.000000
-9999.000000	-9999.000000	-9999.000000	-9999.000000	-9999.000000	164.354000	161.178000	154.932000	153.355000	151.843000	142.789000	125.160000	123.181000	114.789000	105.606000	110.609000	114.772000	114.721000	110.494000	110.062000	108.098000	105.104000	104.394000	119.968000	109.845000	111.366000	113.478000	117.427000	-9999.000000
-9999.000000	-9999.000000	-9999.000000	-9999.000000	-9999.000000	159.873000	154.859000	161.711000	163.620000	157.108000	148.345000	140.554000	140.450000	132.236000	117.022000	119.806000	118.763000	116.291000	112.771000	110.119000	108.625000	107.186000	105.812000	115.074000	113.415000	115.887000	122.997000	127.911000	-9999.000000
-9999.000000	-9999.000000	-9999.000000	-9999.000000	185.559000	175.820000	169.572000	178.984000	169.171000	160.229000	153.953000	147.619000	149.339000	140.174000	128.809000	128.542000	123.892000	119.640000	117.140000	111.105000	109.367000	109.229000	106.188000	-9999.000000	-9999.000000	-9999.000000	-9999.000000	-9999.000000	-9999.000000
-9999.000000	-9999.000000	-9999.000000	209.461000	195.864000	181.677000	169.875000	181.438000	172.032000	165.386000	154.385000	149.958000	149.604000	142.439000	128.193000	126.514000	126.114000	121.598000	117.721000	114.553000	110.356000	-9999.000000	-9999.000000	-9999.000000	-9999.000000	-9999.000000	-9999.000000	-9999.000000	-9999.000000
-9999.000000	-9999.000000	243.970000	227.220000	207.493000	194.912000	179.709000	181.755000	172.386000	164.899000	153.305000	147.176000	146.634000	139.670000	130.892000	126.921000	128.151000	126.429000	119.480000	-9999.000000	-9999.000000	-9999.000000	-9999.000000	-9999.000000	-9999.000000	-9999.000000	-9999.000000	-9999.000000	-9999.000000
-9999.000000	-9999.000000	-9999.000000	240.332000	225.232000	196.671000	192.390000	186.198000	176.700000	166.259000	158.223000	152.820000	146.171000	143.924000	128.239000	123.755000	124.567000	124.419000	110.189000	-9999.000000	-9999.000000	-9999.000000	-9999.000000	-9999.000000	-9999.000000	-9999.000000	-9999.000000	-9999.000000	-9999.000000
-9999.000000	-9999.000000	-9999.000000	-9999.000000	-9999.000000	202.942000	198.043000	193.293000	177.472000	165.926000	157.203000	147.826000	144.942000	-9999.000000	-9999.000000	-9999.000000	-9999.000000	117.704000	-9999.000000	-9999.000000	-9999.000000	-9999.000000	-9999.000000	-9999.000000	-9999.000000	-9999.000000	-9999.000000	-9999.000000	-9999.000000
-9999.000000	-9999.000000	-9999.000000	-9999.000000	207.444000	199.412000	203.040000	195.490000	181.539000	169.802000	154.480000	148.231000	-9999.000000	-9999.000000	-9999.000000	-9999.000000	-9999.000000	-9999.000000	-9999.000000	-9999.000000	-9999.000000	-9999.000000	-9999.000000	-9999.000000	-9999.000000	-9999.000000	-9999.000000	-9999.000000	-9999.000000
-9999.000000	-9999.000000	-9999.000000	-9999.000000	-9999.000000	207.121000	210.028000	210.282000	-9999.000000	-9999.000000	-9999.000000	-9999.000000	-9999.000000	-9999.000000	-9999.000000	-9999.000000	-9999.000000	-9999.000000	-9999.000000	-9999.000000	-9999.000000	-9999.000000	-9999.000000	-9999.000000	-9999.000000	-9999.000000	-9999.000000	-9999.000000	-9999.000000
