AMSdata_code/data/figure10/1999_9_sum.txt
ncols         29
nrows         21
xllcorner     119.050298
yllcorner     30.119212
cellsize      0.1
NODATA_value  -9999
-9999.000000	-9999.000000	-9999.000000	61.742000	50.460000	51.080000	54.094000	-9999.000000	-9999.000000	-9999.000000	-9999.000000	-9999.000000	-9999.000000	-9999.000000	-9999.000000	-9999.000000	-9999.000000	-9999.000000	-9999.000000	-9999.000000	-9999.000000	-9999.000000	-9999.000000	-9999.000000	-9999.000000	-9999.000000	-9999.000000	-9999.000000	-9999.000000
-9999.000000	-9999.000000	42.185000	55.547000	56.360000	47.362000	50.348000	61.370000	-9999.000000	-9999.000000	-9999.000000	-9999.000000	-9999.000000	-9999.000000	-9999.000000	-9999.000000	-9999.000000	-9999.000000	-9999.000000	-9999.000000	-9999.000000	-9999.000000	-9999.000000	-9999.000000	-9999.000000	-9999.000000	-9999.000000	-9999.000000	-9999.000000
-9999.000000	-9999.000000	55.206000	56.135000	54.673000	52.777000	48.079000	53.890000	52.047000	-9999.000000	-9999.000000	-9999.000000	-9999.000000	-9999.000000	80.134000	85.547000	88.305000	-9999.000000	-9999.000000	-9999.000000	-9999.000000	-9999.000000	-9999.000000	-9999.000000	-9999.000000	-9999.000000	-9999.000000	-9999.000000	-9999.000000
-9999.000000	-9999.000000	40.469000	51.629000	46.696000	49.957000	48.507000	50.961000	52.984000	63.826000	68.618000	74.930000	68.083000	61.703000	78.116000	83.046000	98.342000	127.565000	-9999.000000	-9999.000000	-9999.000000	-9999.000000	-9999.000000	-9999.000000	-9999.000000	-9999.000000	-9999.000000	-9999.000000	-9999.000000
-9999.000000	-9999.000000	44.703000	42.495000	48.526000	50.878000	54.764000	55.459000	53.782000	67.445000	69.462000	61.189000	54.481000	57.040000	71.993000	82.841000	101.469000	96.265000	-9999.000000	-9999.000000	-9999.000000	-9999.000000	-9999.000000	-9999.000000	-9999.000000	-9999.000000	-9999.000000	-9999.000000	-9999.000000
-9999.000000	-9999.000000	-9999.000000	43.908000	46.213000	45.247000	53.395000	54.809000	58.528000	61.227000	63.944000	64.042000	59.630000	61.162000	70.631000	86.950000	94.821000	87.025000	79.938000	73.320000	81.325000	-9999.000000	-9999.000000	-9999.000000	-9999.000000	-9999.000000	-9999.000000	-9999.000000	-9999.000000
-9999.000000	-9999.000000	45.413000	45.852000	46.588000	59.309000	61.775000	65.928000	61.896000	61.021000	71.141000	76.623000	70.927000	68.612000	79.490000	89.529000	88.382000	84.787000	86.992000	84.328000	85.239000	95.431000	-9999.000000	-9999.000000	-9999.000000	-9999.000000	-9999.000000	-9999.000000	-9999.000000
-9999.000000	45.163000	48.882000	54.749000	56.770000	57.362000	59.371000	73.746000	77.078000	88.990000	81.025000	82.305000	78.671000	85.040000	108.421000	120.976000	105.319000	99.131000	108.250000	108.343000	100.310000	100.125000	101.079000	-9999.000000	-9999.000000	-9999.000000	-9999.000000	-9999.000000	-9999.000000
47.379000	51.245000	49.380000	55.147000	59.611000	67.230000	71.937000	73.823000	77.319000	89.131000	92.059000	76.141000	84.282000	89.505000	125.809000	129.878000	121.425000	109.467000	117.488000	121.523000	129.362000	133.483000	108.720000	113.879000	130.296000	-9999.000000	-9999.000000	-9999.000000	-9999.000000
-9999.000000	51.615000	53.116000	54.086000	62.311000	66.009000	69.027000	72.709000	76.695000	87.862000	93.231000	102.251000	110.346000	133.495000	126.332000	123.274000	119.801000	114.783000	117.091000	119.107000	131.184000	117.724000	112.659000	109.691000	115.946000	120.722000	-9999.000000	-9999.000000	-9999.000000
-9999.000000	-9999.000000	-9999.000000	54.588000	60.722000	64.575000	67.742000	70.573000	71.697000	86.578000	92.769000	96.254000	105.622000	127.566000	121.907000	124.358000	118.294000	120.716000	119.573000	113.310000	111.384000	110.333000	105.178000	109.721000	113.811000	125.071000	124.367000	-9999.000000	-9999.000000
-9999.000000	-9999.000000	-9999.000000	-9999.000000	-9999.000000	-9999.000000	64.260000	70.468000	72.640000	83.704000	81.915000	96.094000	100.401000	102.208000	112.661000	117.314000	114.940000	120.339000	116.431000	109.294000	98.324000	124.974000	105.277000	110.668000	115.712000	118.774000	121.232000	138.038000	-9999.000000
-9999.000000	-9999.000000	-9999.000000	-9999.000000	-9999.000000	65.871000	68.381000	65.356000	71.908000	76.194000	67.411000	73.338000	79.249000	83.022000	92.265000	98.994000	105.224000	101.440000	112.365000	96.103000	95.489000	93.782000	95.535000	123.670000	127.545000	117.170000	124.544000	134.093000	-9999.000000
-9999.000000	-9999.000000	-9999.000000	-9999.000000	-9999.000000	65.422000	68.924000	80.738000	79.427000	80.973000	75.830000	74.574000	73.449000	77.492000	80.680000	82.848000	85.840000	88.502000	93.484000	91.242000	85.069000	93.180000	94.164000	112.147000	120.186000	118.244000	116.383000	123.469000	-9999.000000
-9999.000000	-9999.000000	-9999.000000	-9999.000000	63.576000	66.730000	74.627000	76.594000	85.043000	70.203000	71.449000	67.942000	71.773000	60.984000	70.214000	71.103000	76.555000	75.774000	78.092000	80.985000	90.318000	104.849000	104.161000	-9999.000000	-9999.000000	-9999.000000	-9999.000000	-9999.000000	-9999.000000
-9999.000000	-9999.000000	-9999.000000	64.811000	63.060000	58.863000	71.827000	73.555000	69.105000	67.172000	65.728000	64.855000	65.445000	55.616000	54.341000	53.021000	66.296000	67.382000	63.162000	61.924000	79.127000	-9999.000000	-9999.000000	-9999.000000	-9999.000000	-9999.000000	-9999.000000	-9999.000000	-9999.000000
-9999.000000	-9999.000000	68.043000	65.463000	62.412000	66.364000	70.408000	71.996000	64.210000	61.668000	60.674000	54.041000	58.889000	45.594000	50.105000	50.936000	51.695000	53.787000	53.397000	-9999.000000	-9999.000000	-9999.000000	-9999.000000	-9999.000000	-9999.000000	-9999.000000	-9999.000000	-9999.000000	-9999.000000
-9999.000000	-9999.000000	-9999.000000	77.876000	64.058000	59.866000	57.059000	60.813000	57.924000	52.042000	50.473000	53.018000	49.421000	46.926000	51.475000	53.062000	58.203000	62.884000	59.367000	-9999.000000	-9999.000000	-9999.000000	-9999.000000	-9999.000000	-9999.000000	-9999.000000	-9999.000000	-9999.000000	-9999.000000
-9999.000000	-9999.000000	-9999.000000	-9999.000000	-9999.000000	63.203000	55.167000	48.276000	45.188000	49.179000	48.126000	53.702000	52.936000	-9999.000000	-9999.000000	-9999.000000	-9999.000000	83.642000	-9999.000000	-9999.000000	-9999.000000	-9999.000000	-9999.000000	-9999.000000	-9999.000000	-9999.000000	-9999.000000	-9999.000000	-9999.000000
-9999.000000	-9999.000000	-9999.000000	-9999.000000	60.998000	54.347000	51.176000	48.177000	45.834000	54.242000	52.426000	59.623000	-9999.000000	-9999.000000	-9999.000000	-9999.000000	-9999.000000	-9999.000000	-9999.000000	-9999.000000	-9999.000000	-9999.000000	-9999.000000	-9999.000000	-9999.000000	-9999.000000	-9999.000000	-9999.000000	-9999.000000
-9999.000000	-9999.000000	-9999.000000	-9999.000000	-9999.000000	55.180000	51.611000	45.628000	-9999.000000	-9999.000000	-9999.000000	-9999.000000	-9999.000000	-9999.000000	-9999.000000	-9999.000000	-9999.000000	-9999.000000	-9999.000000	-9999.000000	-9999.000000	-9999.000000	-9999.000000	-9999.000000	-9999.000000	-9999.000000	-9999.000000	-9999.000000	-9999.000000
