AMSdata_code/data/figure10/1999_8_sum.txt
ncols         29
nrows         21
xllcorner     119.050298
yllcorner     30.119212
cellsize      0.1
NODATA_value  -9999
-9999.000000	-9999.000000	-9999.000000	308.377000	313.769000	319.214000	329.131000	-9999.000000	-9999.000000	-9999.000000	-9999.000000	-9999.000000	-9999.000000	-9999.000000	-9999.000000	-9999.000000	-9999.000000	-9999.000000	-9999.000000	-9999.000000	-9999.000000	-9999.000000	-9999.000000	-9999.000000	-9999.000000	-9999.000000	-9999.000000	-9999.000000	-9999.000000
-9999.000000	-9999.000000	297.244000	291.426000	290.755000	291.502000	292.064000	320.148000	-9999.000000	-9999.000000	-9999.000000	-9999.000000	-9999.000000	-9999.000000	-9999.000000	-9999.000000	-9999.000000	-9999.000000	-9999.000000	-9999.000000	-9999.000000	-9999.000000	-9999.000000	-9999.000000	-9999.000000	-9999.000000	-9999.000000	-9999.000000	-9999.000000
-9999.000000	-9999.000000	284.198000	273.203000	269.415000	266.912000	282.237000	300.842000	311.288000	-9999.000000	-9999.000000	-9999.000000	-9999.000000	-9999.000000	403.987000	414.125000	412.553000	-9999.000000	-9999.000000	-9999.000000	-9999.000000	-9999.000000	-9999.000000	-9999.000000	-9999.000000	-9999.000000	-9999.000000	-9999.000000	-9999.000000
-9999.000000	-9999.000000	280.230000	274.306000	263.869000	261.094000	277.878000	312.166000	329.723000	360.348000	378.144000	387.974000	381.982000	384.851000	404.586000	420.313000	406.349000	400.282000	-9999.000000	-9999.000000	-9999.000000	-9999.000000	-9999.000000	-9999.000000	-9999.000000	-9999.000000	-9999.000000	-9999.000000	-9999.000000
-9999.000000	-9999.000000	275.162000	266.149000	264.898000	260.280000	266.351000	302.338000	325.021000	358.396000	370.798000	370.657000	369.706000	371.076000	381.103000	408.574000	392.350000	390.635000	-9999.000000	-9999.000000	-9999.000000	-9999.000000	-9999.000000	-9999.000000	-9999.000000	-9999.000000	-9999.000000	-9999.000000	-9999.000000
-9999.000000	-9999.000000	-9999.000000	276.839000	271.133000	269.408000	276.046000	291.819000	320.732000	346.152000	361.516000	374.909000	371.675000	399.148000	410.764000	394.338000	383.152000	389.116000	411.753000	412.814000	416.210000	-9999.000000	-9999.000000	-9999.000000	-9999.000000	-9999.000000	-9999.000000	-9999.000000	-9999.000000
-9999.000000	-9999.000000	294.358000	288.532000	287.532000	284.983000	282.658000	303.254000	320.481000	344.236000	362.047000	376.302000	361.791000	374.999000	395.993000	365.475000	375.881000	384.867000	387.994000	393.042000	397.547000	368.771000	-9999.000000	-9999.000000	-9999.000000	-9999.000000	-9999.000000	-9999.000000	-9999.000000
-9999.000000	305.014000	315.317000	306.899000	302.471000	300.531000	298.807000	300.888000	293.975000	333.223000	356.598000	362.108000	349.191000	358.053000	364.647000	357.805000	350.283000	357.858000	338.615000	313.125000	322.504000	325.167000	334.225000	-9999.000000	-9999.000000	-9999.000000	-9999.000000	-9999.000000	-9999.000000
329.350000	311.617000	324.129000	318.990000	312.788000	315.510000	308.353000	299.186000	297.937000	339.764000	351.998000	342.013000	354.466000	361.046000	366.402000	349.731000	334.254000	343.699000	357.358000	331.833000	319.084000	334.122000	343.618000	348.577000	339.500000	-9999.000000	-9999.000000	-9999.000000	-9999.000000
-9999.000000	338.459000	328.842000	322.774000	336.103000	316.954000	304.125000	298.891000	294.695000	338.610000	332.777000	347.050000	343.549000	355.501000	370.344000	348.061000	344.017000	344.407000	334.655000	324.634000	304.906000	316.857000	328.400000	340.555000	343.458000	347.409000	-9999.000000	-9999.000000	-9999.000000
-9999.000000	-9999.000000	-9999.000000	351.219000	337.248000	332.943000	335.451000	324.096000	322.801000	354.894000	345.833000	359.208000	347.607000	346.808000	356.817000	325.982000	343.104000	336.422000	330.610000	296.617000	298.943000	307.047000	317.706000	332.357000	338.176000	340.298000	352.141000	-9999.000000	-9999.000000
-9999.000000	-9999.000000	-9999.000000	-9999.000000	-9999.000000	-9999.000000	343.560000	334.911000	331.204000	357.034000	343.794000	349.670000	342.237000	323.521000	331.313000	301.020000	337.842000	341.937000	333.894000	290.580000	297.657000	312.402000	325.301000	333.321000	330.484000	333.577000	346.035000	353.802000	-9999.000000
-9999.000000	-9999.000000	-9999.000000	-9999.000000	-9999.000000	353.712000	351.831000	362.012000	350.050000	370.048000	370.803000	369.304000	350.479000	342.726000	315.649000	305.662000	326.749000	316.493000	338.819000	293.620000	300.663000	312.803000	319.640000	327.318000	323.128000	331.322000	328.492000	331.118000	-9999.000000
-9999.000000	-9999.000000	-9999.000000	-9999.000000	-9999.000000	379.015000	384.616000	369.072000	379.293000	403.768000	394.522000	371.449000	370.369000	367.275000	365.230000	373.742000	389.240000	345.280000	324.682000	306.633000	324.278000	329.302000	335.126000	336.524000	323.298000	329.671000	342.665000	348.310000	-9999.000000
-9999.000000	-9999.000000	-9999.000000	-9999.000000	403.625000	398.992000	411.905000	398.737000	399.663000	416.454000	409.639000	382.873000	384.838000	374.121000	372.509000	376.970000	376.090000	322.892000	325.102000	310.357000	313.007000	325.062000	331.283000	-9999.000000	-9999.000000	-9999.000000	-9999.000000	-9999.000000	-9999.000000
-9999.000000	-9999.000000	-9999.000000	416.020000	421.614000	408.009000	431.335000	413.384000	412.415000	422.427000	406.598000	398.412000	385.838000	386.307000	378.047000	359.478000	352.721000	309.717000	332.962000	318.770000	308.496000	-9999.000000	-9999.000000	-9999.000000	-9999.000000	-9999.000000	-9999.000000	-9999.000000	-9999.000000
-9999.000000	-9999.000000	405.774000	418.233000	428.534000	437.936000	456.798000	424.660000	422.037000	424.790000	406.222000	386.708000	393.832000	381.149000	372.873000	342.717000	328.026000	309.449000	314.850000	-9999.000000	-9999.000000	-9999.000000	-9999.000000	-9999.000000	-9999.000000	-9999.000000	-9999.000000	-9999.000000	-9999.000000
-9999.000000	-9999.000000	-9999.000000	460.944000	475.659000	474.181000	472.529000	442.440000	438.186000	409.021000	398.270000	387.592000	370.807000	351.695000	335.952000	320.818000	310.803000	286.237000	294.235000	-9999.000000	-9999.000000	-9999.000000	-9999.000000	-9999.000000	-9999.000000	-9999.000000	-9999.000000	-9999.000000	-9999.000000
-9999.000000	-9999.000000	-9999.000000	-9999.000000	-9999.000000	447.070000	447.075000	448.465000	437.695000	415.290000	403.604000	389.194000	379.551000	-9999.000000	-9999.000000	-9999.000000	-9999.000000	292.879000	-9999.000000	-9999.000000	-9999.000000	-9999.000000	-9999.000000	-9999.000000	-9999.000000	-9999.000000	-9999.000000	-9999.000000	-9999.000000
-9999.000000	-9999.000000	-9999.000000	-9999.000000	427.722000	444.503000	454.901000	469.889000	445.087000	418.112000	409.505000	405.587000	-9999.000000	-9999.000000	-9999.000000	-9999.000000	-9999.000000	-9999.000000	-9999.000000	-9999.000000	-9999.000000	-9999.000000	-9999.000000	-9999.000000	-9999.000000	-9999.000000	-9999.000000	-9999.000000	-9999.000000
-9999.000000	-9999.000000	-9999.000000	-9999.000000	-9999.000000	440.282000	449.533000	472.987000	-9999.000000	-9999.000000	-9999.000000	-9999.000000	-9999.000000	-9999.000000	-9999.000000	-9999.000000	-9999.000000	-9999.000000	-9999.000000	-9999.000000	-9999.000000	-9999.000000	-9999.000000	-9999.000000	-9999.000000	-9999.000000	-9999.000000	-9999.000000	-9999.000000
