AMSdata_code/data/figure10/2001_6_sum.txt
ncols         29
nrows         21
xllcorner     119.050298
yllcorner     30.119212
cellsize      0.1
NODATA_value  -9999
-9999.000000	-9999.000000	-9999.000000	127.743000	144.432000	149.391000	155.387000	-9999.000000	-9999.000000	-9999.000000	-9999.000000	-9999.000000	-9999.000000	-9999.000000	-9999.000000	-9999.000000	-9999.000000	-9999.000000	-9999.000000	-9999.000000	-9999.000000	-9999.000000	-9999.000000	-9999.000000	-9999.000000	-9999.000000	-9999.000000	-9999.000000	-9999.000000
-9999.000000	-9999.000000	131.706000	135.179000	148.529000	151.160000	157.201000	162.812000	-9999.000000	-9999.000000	-9999.000000	-9999.000000	-9999.000000	-9999.000000	-9999.000000	-9999.000000	-9999.000000	-9999.000000	-9999.000000	-9999.000000	-9999.000000	-9999.000000	-9999.000000	-9999.000000	-9999.000000	-9999.000000	-9999.000000	-9999.000000	-9999.000000
-9999.000000	-9999.000000	157.801000	164.488000	176.676000	179.303000	183.133000	188.137000	194.787000	-9999.000000	-9999.000000	-9999.000000	-9999.000000	-9999.000000	341.720000	354.685000	365.311000	-9999.000000	-9999.000000	-9999.000000	-9999.000000	-9999.000000	-9999.000000	-9999.000000	-9999.000000	-9999.000000	-9999.000000	-9999.000000	-9999.000000
-9999.000000	-9999.000000	165.223000	173.212000	188.151000	190.431000	194.372000	199.619000	222.898000	239.568000	251.826000	277.951000	300.189000	315.179000	367.191000	370.774000	385.367000	394.198000	-9999.000000	-9999.000000	-9999.000000	-9999.000000	-9999.000000	-9999.000000	-9999.000000	-9999.000000	-9999.000000	-9999.000000	-9999.000000
-9999.000000	-9999.000000	191.707000	195.839000	212.543000	220.383000	229.727000	240.909000	255.761000	277.879000	285.683000	304.695000	320.998000	331.516000	379.003000	395.757000	412.305000	430.768000	-9999.000000	-9999.000000	-9999.000000	-9999.000000	-9999.000000	-9999.000000	-9999.000000	-9999.000000	-9999.000000	-9999.000000	-9999.000000
-9999.000000	-9999.000000	-9999.000000	215.775000	236.315000	239.151000	235.911000	250.723000	265.285000	293.037000	303.723000	341.934000	356.887000	360.972000	405.640000	406.666000	432.956000	431.815000	450.524000	470.848000	469.709000	-9999.000000	-9999.000000	-9999.000000	-9999.000000	-9999.000000	-9999.000000	-9999.000000	-9999.000000
-9999.000000	-9999.000000	230.461000	229.728000	253.066000	244.938000	245.150000	255.900000	275.587000	303.158000	332.993000	349.511000	372.795000	363.973000	391.587000	399.386000	410.997000	422.464000	427.008000	450.976000	451.418000	433.039000	-9999.000000	-9999.000000	-9999.000000	-9999.000000	-9999.000000	-9999.000000	-9999.000000
-9999.000000	236.443000	243.031000	247.720000	269.202000	258.963000	270.050000	283.212000	297.770000	330.754000	351.876000	367.536000	372.404000	362.640000	364.031000	376.759000	377.540000	396.498000	414.624000	403.898000	398.986000	393.527000	392.002000	-9999.000000	-9999.000000	-9999.000000	-9999.000000	-9999.000000	-9999.000000
233.182000	242.281000	242.626000	247.677000	269.548000	273.674000	270.554000	291.289000	306.493000	328.396000	341.364000	346.715000	366.030000	358.735000	372.465000	370.620000	380.500000	389.472000	403.928000	387.514000	368.127000	367.394000	364.163000	366.710000	370.565000	-9999.000000	-9999.000000	-9999.000000	-9999.000000
-9999.000000	252.711000	256.083000	258.212000	280.304000	282.541000	294.637000	306.860000	309.699000	327.937000	339.467000	347.094000	352.650000	340.046000	357.332000	371.093000	369.519000	373.857000	369.100000	353.713000	341.446000	344.861000	343.805000	355.797000	368.630000	367.436000	-9999.000000	-9999.000000	-9999.000000
-9999.000000	-9999.000000	-9999.000000	256.888000	285.214000	296.988000	306.496000	302.975000	307.506000	316.673000	327.376000	346.111000	341.666000	329.630000	342.621000	361.711000	361.491000	360.357000	348.605000	326.291000	321.741000	330.051000	336.104000	335.955000	361.273000	373.985000	388.642000	-9999.000000	-9999.000000
-9999.000000	-9999.000000	-9999.000000	-9999.000000	-9999.000000	-9999.000000	299.317000	301.283000	304.909000	316.403000	326.315000	343.425000	330.291000	305.253000	314.914000	350.995000	357.276000	356.010000	339.813000	325.089000	325.202000	339.466000	338.492000	349.329000	379.147000	394.777000	403.966000	403.048000	-9999.000000
-9999.000000	-9999.000000	-9999.000000	-9999.000000	-9999.000000	269.569000	285.202000	294.337000	306.629000	326.565000	325.025000	333.253000	324.809000	314.597000	319.102000	344.714000	349.783000	345.543000	342.953000	329.217000	321.628000	335.453000	352.770000	369.912000	400.238000	409.265000	419.895000	423.310000	-9999.000000
-9999.000000	-9999.000000	-9999.000000	-9999.000000	-9999.000000	283.359000	299.822000	310.830000	318.474000	350.232000	348.185000	353.052000	346.705000	347.385000	346.402000	350.264000	348.099000	354.412000	359.409000	339.750000	350.374000	364.763000	373.356000	388.474000	411.873000	415.192000	440.938000	448.689000	-9999.000000
-9999.000000	-9999.000000	-9999.000000	-9999.000000	290.825000	291.830000	315.066000	332.976000	339.190000	359.673000	361.184000	359.690000	357.665000	358.624000	359.871000	362.408000	360.380000	361.808000	362.780000	373.923000	387.481000	397.669000	412.425000	-9999.000000	-9999.000000	-9999.000000	-9999.000000	-9999.000000	-9999.000000
-9999.000000	-9999.000000	-9999.000000	278.988000	306.422000	313.761000	335.169000	352.595000	346.692000	368.485000	370.778000	373.292000	366.675000	377.772000	385.183000	392.656000	389.685000	393.336000	392.807000	398.861000	406.707000	-9999.000000	-9999.000000	-9999.000000	-9999.000000	-9999.000000	-9999.000000	-9999.000000	-9999.000000
-9999.000000	-9999.000000	299.479000	299.801000	328.569000	332.755000	356.354000	364.035000	363.393000	385.994000	387.927000	401.309000	402.751000	405.022000	410.153000	423.602000	420.555000	422.105000	435.042000	-9999.000000	-9999.000000	-9999.000000	-9999.000000	-9999.000000	-9999.000000	-9999.000000	-9999.000000	-9999.000000	-9999.000000
-9999.000000	-9999.000000	-9999.000000	337.991000	385.854000	390.821000	389.249000	390.684000	396.538000	420.537000	425.015000	432.622000	437.271000	436.201000	425.132000	426.531000	428.824000	452.256000	463.661000	-9999.000000	-9999.000000	-9999.000000	-9999.000000	-9999.000000	-9999.000000	-9999.000000	-9999.000000	-9999.000000	-9999.000000
-9999.000000	-9999.000000	-9999.000000	-9999.000000	-9999.000000	405.202000	407.477000	412.337000	439.557000	453.925000	475.380000	479.790000	478.013000	-9999.000000	-9999.000000	-9999.000000	-9999.000000	530.355000	-9999.000000	-9999.000000	-9999.000000	-9999.000000	-9999.000000	-9999.000000	-9999.000000	-9999.000000	-9999.000000	-9999.000000	-9999.000000
-9999.000000	-9999.000000	-9999.000000	-9999.000000	402.833000	445.196000	460.574000	486.875000	506.477000	518.355000	530.188000	522.497000	-9999.000000	-9999.000000	-9999.000000	-9999.000000	-9999.000000	-9999.000000	-9999.000000	-9999.000000	-9999.000000	-9999.000000	-9999.000000	-9999.000000	-9999.000000	-9999.000000	-9999.000000	-9999.000000	-9999.000000
-9999.000000	-9999.000000	-9999.000000	-9999.000000	-9999.000000	496.114000	511.487000	538.184000	-9999.000000	-9999.000000	-9999.000000	-9999.000000	-9999.000000	-9999.000000	-9999.000000	-9999.000000	-9999.000000	-9999.000000	-9999.000000	-9999.000000	-9999.000000	-9999.000000	-9999.000000	-9999.000000	-9999.000000	-9999.000000	-9999.000000	-9999.000000	-9999.000000
