AMSdata_code/data/figure10/2001_8_sum.txt
ncols         29
nrows         21
xllcorner     119.050298
yllcorner     30.119212
cellsize      0.1
NODATA_value  -9999
-9999.000000	-9999.000000	-9999.000000	197.133000	194.283000	188.696000	193.523000	-9999.000000	-9999.000000	-9999.000000	-9999.000000	-9999.000000	-9999.000000	-9999.000000	-9999.000000	-9999.000000	-9999.000000	-9999.000000	-9999.000000	-9999.000000	-9999.000000	-9999.000000	-9999.000000	-9999.000000	-9999.000000	-9999.000000	-9999.000000	-9999.000000	-9999.000000
-9999.000000	-9999.000000	210.584000	202.942000	200.173000	200.297000	195.392000	200.765000	-9999.000000	-9999.000000	-9999.000000	-9999.000000	-9999.000000	-9999.000000	-9999.000000	-9999.000000	-9999.000000	-9999.000000	-9999.000000	-9999.000000	-9999.000000	-9999.000000	-9999.000000	-9999.000000	-9999.000000	-9999.000000	-9999.000000	-9999.000000	-9999.000000
-9999.000000	-9999.000000	214.961000	211.740000	198.796000	200.115000	192.120000	210.647000	218.707000	-9999.000000	-9999.000000	-9999.000000	-9999.000000	-9999.000000	275.184000	280.886000	279.747000	-9999.000000	-9999.000000	-9999.000000	-9999.000000	-9999.000000	-9999.000000	-9999.000000	-9999.000000	-9999.000000	-9999.000000	-9999.000000	-9999.000000
-9999.000000	-9999.000000	206.611000	203.605000	192.154000	196.076000	206.866000	229.375000	245.235000	241.920000	236.370000	242.964000	231.738000	217.354000	255.943000	257.724000	257.716000	266.598000	-9999.000000	-9999.000000	-9999.000000	-9999.000000	-9999.000000	-9999.000000	-9999.000000	-9999.000000	-9999.000000	-9999.000000	-9999.000000
-9999.000000	-9999.000000	201.988000	193.451000	187.831000	187.917000	194.760000	209.186000	218.928000	229.343000	228.589000	226.403000	215.217000	206.855000	247.764000	245.286000	248.157000	272.272000	-9999.000000	-9999.000000	-9999.000000	-9999.000000	-9999.000000	-9999.000000	-9999.000000	-9999.000000	-9999.000000	-9999.000000	-9999.000000
-9999.000000	-9999.000000	-9999.000000	189.246000	183.574000	175.270000	187.381000	200.223000	214.711000	228.282000	231.252000	233.435000	210.836000	198.687000	236.895000	242.565000	260.180000	278.497000	296.357000	333.270000	352.266000	-9999.000000	-9999.000000	-9999.000000	-9999.000000	-9999.000000	-9999.000000	-9999.000000	-9999.000000
-9999.000000	-9999.000000	182.994000	189.412000	187.583000	183.554000	194.193000	200.219000	212.627000	228.398000	231.001000	226.965000	219.042000	202.068000	231.289000	234.476000	264.878000	283.493000	295.648000	327.265000	327.297000	352.839000	-9999.000000	-9999.000000	-9999.000000	-9999.000000	-9999.000000	-9999.000000	-9999.000000
-9999.000000	215.214000	203.416000	207.124000	193.433000	186.538000	210.431000	231.437000	233.325000	258.109000	261.559000	259.943000	261.693000	244.670000	283.838000	294.444000	291.463000	301.717000	321.215000	348.558000	338.738000	352.603000	366.925000	-9999.000000	-9999.000000	-9999.000000	-9999.000000	-9999.000000	-9999.000000
237.116000	228.498000	218.070000	217.546000	207.804000	208.910000	227.625000	247.668000	246.405000	258.939000	258.199000	250.908000	238.923000	239.003000	300.387000	283.233000	306.363000	315.296000	324.976000	345.943000	339.365000	348.661000	333.826000	354.336000	362.700000	-9999.000000	-9999.000000	-9999.000000	-9999.000000
-9999.000000	248.828000	251.211000	241.084000	215.321000	220.178000	227.796000	251.733000	249.829000	263.955000	264.689000	251.800000	256.675000	243.180000	286.979000	294.442000	303.057000	321.467000	309.405000	322.645000	298.900000	313.275000	329.461000	349.647000	353.447000	360.926000	-9999.000000	-9999.000000	-9999.000000
-9999.000000	-9999.000000	-9999.000000	248.710000	205.763000	221.304000	233.032000	240.219000	236.075000	248.307000	250.246000	270.317000	273.976000	246.080000	277.662000	274.046000	281.304000	301.164000	271.484000	301.941000	291.815000	327.039000	336.040000	340.422000	349.852000	357.007000	363.859000	-9999.000000	-9999.000000
-9999.000000	-9999.000000	-9999.000000	-9999.000000	-9999.000000	-9999.000000	231.454000	232.141000	235.019000	252.807000	261.844000	259.278000	249.844000	237.938000	248.579000	235.290000	257.641000	266.872000	264.758000	295.505000	312.213000	335.716000	339.335000	348.106000	348.333000	354.406000	360.524000	366.561000	-9999.000000
-9999.000000	-9999.000000	-9999.000000	-9999.000000	-9999.000000	229.052000	253.105000	247.681000	256.926000	279.105000	280.566000	285.477000	263.196000	252.168000	237.632000	246.845000	267.756000	267.821000	272.332000	331.936000	316.602000	301.696000	308.164000	324.509000	324.379000	338.940000	345.969000	372.754000	-9999.000000
-9999.000000	-9999.000000	-9999.000000	-9999.000000	-9999.000000	245.834000	252.951000	259.343000	268.750000	295.368000	287.844000	274.139000	265.925000	246.702000	254.817000	253.174000	275.797000	275.409000	290.088000	352.826000	338.219000	297.813000	309.925000	336.523000	315.806000	352.888000	375.110000	388.949000	-9999.000000
-9999.000000	-9999.000000	-9999.000000	-9999.000000	263.895000	260.059000	263.254000	277.943000	282.357000	304.883000	307.305000	290.447000	269.848000	266.670000	271.062000	269.075000	282.279000	284.448000	301.764000	311.132000	309.776000	314.940000	311.134000	-9999.000000	-9999.000000	-9999.000000	-9999.000000	-9999.000000	-9999.000000
-9999.000000	-9999.000000	-9999.000000	289.439000	281.046000	284.061000	282.852000	298.710000	287.468000	304.426000	304.234000	284.175000	284.979000	281.153000	287.259000	274.993000	298.595000	293.752000	312.350000	333.121000	316.712000	-9999.000000	-9999.000000	-9999.000000	-9999.000000	-9999.000000	-9999.000000	-9999.000000	-9999.000000
-9999.000000	-9999.000000	315.476000	306.789000	301.036000	302.844000	306.976000	308.881000	309.619000	302.334000	293.093000	291.596000	295.534000	294.418000	288.791000	287.404000	289.400000	283.695000	301.946000	-9999.000000	-9999.000000	-9999.000000	-9999.000000	-9999.000000	-9999.000000	-9999.000000	-9999.000000	-9999.000000	-9999.000000
-9999.000000	-9999.000000	-9999.000000	345.555000	372.846000	358.739000	341.089000	338.964000	319.331000	330.475000	319.975000	315.073000	319.033000	309.513000	286.000000	284.117000	280.296000	282.460000	299.751000	-9999.000000	-9999.000000	-9999.000000	-9999.000000	-9999.000000	-9999.000000	-9999.000000	-9999.000000	-9999.000000	-9999.000000
-9999.000000	-9999.000000	-9999.000000	-9999.000000	-9999.000000	370.983000	343.007000	338.372000	326.662000	336.806000	323.429000	312.774000	311.965000	-9999.000000	-9999.000000	-9999.000000	-9999.000000	270.686000	-9999.000000	-9999.000000	-9999.000000	-9999.000000	-9999.000000	-9999.000000	-9999.000000	-9999.000000	-9999.000000	-9999.000000	-9999.000000
-9999.000000	-9999.000000	-9999.000000	-9999.000000	380.704000	363.393000	356.238000	364.749000	350.130000	344.727000	336.970000	311.468000	-9999.000000	-9999.000000	-9999.000000	-9999.000000	-9999.000000	-9999.000000	-9999.000000	-9999.000000	-9999.000000	-9999.000000	-9999.000000	-9999.000000	-9999.000000	-9999.000000	-9999.000000	-9999.000000	-9999.000000
-9999.000000	-9999.000000	-9999.000000	-9999.000000	-9999.000000	375.144000	365.884000	384.089000	-9999.000000	-9999.000000	-9999.000000	-9999.000000	-9999.000000	-9999.000000	-9999.000000	-9999.000000	-9999.000000	-9999.000000	-9999.000000	-9999.000000	-9999.000000	-9999.000000	-9999.000000	-9999.000000	-9999.000000	-9999.000000	-9999.000000	-9999.000000	-9999.000000
