AMSdata_code/data/figure10/2002_7_sum.txt
ncols         29
nrows         21
xllcorner     119.050298
yllcorner     30.119212
cellsize      0.1
NODATA_value  -9999
-9999.000000	-9999.000000	-9999.000000	123.306000	118.132000	114.441000	111.363000	-9999.000000	-9999.000000	-9999.000000	-9999.000000	-9999.000000	-9999.000000	-9999.000000	-9999.000000	-9999.000000	-9999.000000	-9999.000000	-9999.000000	-9999.000000	-9999.000000	-9999.000000	-9999.000000	-9999.000000	-9999.000000	-9999.000000	-9999.000000	-9999.000000	-9999.000000
-9999.000000	-9999.000000	123.475000	116.610000	113.540000	111.857000	109.981000	103.895000	-9999.000000	-9999.000000	-9999.000000	-9999.000000	-9999.000000	-9999.000000	-9999.000000	-9999.000000	-9999.000000	-9999.000000	-9999.000000	-9999.000000	-9999.000000	-9999.000000	-9999.000000	-9999.000000	-9999.000000	-9999.000000	-9999.000000	-9999.000000	-9999.000000
-9999.000000	-9999.000000	121.756000	117.384000	115.771000	113.185000	110.711000	104.841000	103.558000	-9999.000000	-9999.000000	-9999.000000	-9999.000000	-9999.000000	117.847000	117.979000	120.792000	-9999.000000	-9999.000000	-9999.000000	-9999.000000	-9999.000000	-9999.000000	-9999.000000	-9999.000000	-9999.000000	-9999.000000	-9999.000000	-9999.000000
-9999.000000	-9999.000000	125.992000	119.636000	119.585000	120.112000	112.137000	104.287000	102.630000	107.191000	102.798000	107.583000	116.654000	114.228000	114.992000	114.179000	111.515000	113.182000	-9999.000000	-9999.000000	-9999.000000	-9999.000000	-9999.000000	-9999.000000	-9999.000000	-9999.000000	-9999.000000	-9999.000000	-9999.000000
-9999.000000	-9999.000000	119.002000	118.333000	116.216000	114.427000	108.027000	99.748000	99.834000	104.817000	105.314000	110.822000	111.442000	112.232000	107.333000	107.743000	108.403000	109.445000	-9999.000000	-9999.000000	-9999.000000	-9999.000000	-9999.000000	-9999.000000	-9999.000000	-9999.000000	-9999.000000	-9999.000000	-9999.000000
-9999.000000	-9999.000000	-9999.000000	110.888000	110.521000	109.828000	107.275000	97.587000	101.058000	111.290000	106.972000	115.198000	116.914000	108.882000	102.959000	103.327000	110.454000	110.849000	119.825000	122.805000	126.240000	-9999.000000	-9999.000000	-9999.000000	-9999.000000	-9999.000000	-9999.000000	-9999.000000	-9999.000000
-9999.000000	-9999.000000	105.684000	102.225000	106.398000	101.109000	102.025000	95.958000	100.004000	112.677000	107.084000	124.824000	151.610000	102.867000	100.745000	106.188000	109.360000	114.334000	122.787000	128.223000	135.839000	132.982000	-9999.000000	-9999.000000	-9999.000000	-9999.000000	-9999.000000	-9999.000000	-9999.000000
-9999.000000	103.538000	104.468000	103.018000	95.398000	91.814000	90.698000	89.185000	92.464000	107.346000	114.099000	138.341000	132.474000	107.467000	106.463000	109.835000	112.653000	121.867000	136.056000	131.581000	139.667000	145.859000	151.382000	-9999.000000	-9999.000000	-9999.000000	-9999.000000	-9999.000000	-9999.000000
107.184000	106.157000	105.933000	103.900000	101.350000	98.888000	96.738000	89.544000	92.455000	108.681000	120.610000	116.066000	116.714000	109.248000	115.737000	118.793000	124.510000	131.582000	143.865000	138.088000	141.468000	144.898000	150.938000	159.266000	156.720000	-9999.000000	-9999.000000	-9999.000000	-9999.000000
-9999.000000	114.201000	110.633000	108.450000	102.190000	96.522000	92.582000	93.826000	91.490000	96.780000	95.769000	108.451000	100.645000	105.553000	124.555000	128.699000	132.528000	137.060000	145.500000	143.736000	143.865000	149.252000	156.151000	164.993000	162.666000	156.413000	-9999.000000	-9999.000000	-9999.000000
-9999.000000	-9999.000000	-9999.000000	107.898000	101.207000	98.535000	101.945000	105.020000	101.448000	101.783000	104.066000	116.790000	109.207000	110.759000	133.823000	134.690000	137.535000	146.354000	148.626000	145.932000	145.759000	150.089000	156.154000	156.329000	158.261000	154.351000	148.687000	-9999.000000	-9999.000000
-9999.000000	-9999.000000	-9999.000000	-9999.000000	-9999.000000	-9999.000000	99.208000	112.222000	116.851000	119.657000	121.217000	131.513000	111.417000	112.425000	124.666000	127.984000	135.816000	139.903000	141.430000	142.936000	145.969000	148.785000	150.693000	153.865000	153.419000	151.628000	149.441000	151.934000	-9999.000000
-9999.000000	-9999.000000	-9999.000000	-9999.000000	-9999.000000	110.819000	112.339000	114.024000	120.413000	131.777000	136.152000	153.358000	143.462000	137.390000	142.018000	146.185000	148.402000	147.163000	137.610000	149.508000	149.942000	150.688000	153.401000	154.741000	164.426000	163.689000	163.895000	166.277000	-9999.000000
-9999.000000	-9999.000000	-9999.000000	-9999.000000	-9999.000000	126.806000	118.609000	118.420000	125.983000	148.127000	150.758000	150.606000	151.230000	153.638000	162.190000	157.035000	156.151000	153.690000	148.601000	146.082000	145.502000	146.379000	147.453000	152.330000	157.574000	159.426000	173.486000	179.442000	-9999.000000
-9999.000000	-9999.000000	-9999.000000	-9999.000000	148.311000	147.244000	134.180000	139.369000	141.586000	156.387000	160.308000	161.708000	164.028000	164.463000	161.285000	161.915000	164.651000	157.413000	156.054000	156.253000	152.964000	151.197000	153.869000	-9999.000000	-9999.000000	-9999.000000	-9999.000000	-9999.000000	-9999.000000
-9999.000000	-9999.000000	-9999.000000	157.293000	160.256000	156.389000	151.033000	151.089000	148.853000	160.908000	164.309000	172.076000	171.799000	174.666000	165.789000	167.606000	167.320000	166.002000	167.182000	162.627000	153.146000	-9999.000000	-9999.000000	-9999.000000	-9999.000000	-9999.000000	-9999.000000	-9999.000000	-9999.000000
-9999.000000	-9999.000000	168.799000	163.842000	165.014000	167.629000	166.293000	165.497000	161.742000	170.211000	175.900000	180.731000	186.271000	186.740000	172.941000	171.180000	176.339000	176.263000	174.894000	-9999.000000	-9999.000000	-9999.000000	-9999.000000	-9999.000000	-9999.000000	-9999.000000	-9999.000000	-9999.000000	-9999.000000
-9999.000000	-9999.000000	-9999.000000	193.349000	195.243000	185.465000	194.133000	188.872000	187.979000	186.876000	191.393000	196.376000	202.747000	198.368000	206.379000	205.852000	207.435000	199.942000	193.970000	-9999.000000	-9999.000000	-9999.000000	-9999.000000	-9999.000000	-9999.000000	-9999.000000	-9999.000000	-9999.000000	-9999.000000
-9999.000000	-9999.000000	-9999.000000	-9999.000000	-9999.000000	197.165000	199.873000	196.228000	192.602000	194.409000	200.554000	198.109000	194.757000	-9999.000000	-9999.000000	-9999.000000	-9999.000000	217.194000	-9999.000000	-9999.000000	-9999.000000	-9999.000000	-9999.000000	-9999.000000	-9999.000000	-9999.000000	-9999.000000	-9999.000000	-9999.000000
-9999.000000	-9999.000000	-9999.000000	-9999.000000	200.418000	207.442000	199.680000	201.452000	203.215000	204.293000	209.130000	208.205000	-9999.000000	-9999.000000	-9999.000000	-9999.000000	-9999.000000	-9999.000000	-9999.000000	-9999.000000	-9999.000000	-9999.000000	-9999.000000	-9999.000000	-9999.000000	-9999.000000	-9999.000000	-9999.000000	-9999.000000
-9999.000000	-9999.000000	-9999.000000	-9999.000000	-9999.000000	197.792000	194.965000	208.242000	-9999.000000	-9999.000000	-9999.000000	-9999.000000	-9999.000000	-9999.000000	-9999.000000	-9999.000000	-9999.000000	-9999.000000	-9999.000000	-9999.000000	-9999.000000	-9999.000000	-9999.000000	-9999.000000	-9999.000000	-9999.000000	-9999.000000	-9999.000000	-9999.000000
