AMSdata_code/data/figure10/2003_5_sum.txt
ncols         29
nrows         21
xllcorner     119.050298
yllcorner     30.119212
cellsize      0.1
NODATA_value  -9999
-9999.000000	-9999.000000	-9999.000000	37.285000	39.384000	42.556000	39.693000	-9999.000000	-9999.000000	-9999.000000	-9999.000000	-9999.000000	-9999.000000	-9999.000000	-9999.000000	-9999.000000	-9999.000000	-9999.000000	-9999.000000	-9999.000000	-9999.000000	-9999.000000	-9999.000000	-9999.000000	-9999.000000	-9999.000000	-9999.000000	-9999.000000	-9999.000000
-9999.000000	-9999.000000	37.158000	34.945000	34.991000	39.401000	36.867000	36.320000	-9999.000000	-9999.000000	-9999.000000	-9999.000000	-9999.000000	-9999.000000	-9999.000000	-9999.000000	-9999.000000	-9999.000000	-9999.000000	-9999.000000	-9999.000000	-9999.000000	-9999.000000	-9999.000000	-9999.000000	-9999.000000	-9999.000000	-9999.000000	-9999.000000
-9999.000000	-9999.000000	42.864000	43.161000	40.262000	41.488000	39.491000	36.543000	35.598000	-9999.000000	-9999.000000	-9999.000000	-9999.000000	-9999.000000	31.315000	31.759000	30.667000	-9999.000000	-9999.000000	-9999.000000	-9999.000000	-9999.000000	-9999.000000	-9999.000000	-9999.000000	-9999.000000	-9999.000000	-9999.000000	-9999.000000
-9999.000000	-9999.000000	44.264000	43.692000	43.092000	43.749000	44.352000	38.977000	41.062000	41.437000	39.440000	40.675000	39.571000	36.034000	33.743000	33.083000	31.577000	30.368000	-9999.000000	-9999.000000	-9999.000000	-9999.000000	-9999.000000	-9999.000000	-9999.000000	-9999.000000	-9999.000000	-9999.000000	-9999.000000
-9999.000000	-9999.000000	47.356000	47.658000	46.578000	46.668000	45.336000	42.604000	42.390000	41.158000	40.867000	41.945000	43.376000	40.937000	34.822000	34.748000	32.701000	32.653000	-9999.000000	-9999.000000	-9999.000000	-9999.000000	-9999.000000	-9999.000000	-9999.000000	-9999.000000	-9999.000000	-9999.000000	-9999.000000
-9999.000000	-9999.000000	-9999.000000	49.676000	49.789000	49.966000	48.034000	41.747000	42.241000	42.687000	42.876000	46.165000	44.638000	43.908000	39.475000	36.488000	36.188000	36.609000	37.630000	38.064000	37.279000	-9999.000000	-9999.000000	-9999.000000	-9999.000000	-9999.000000	-9999.000000	-9999.000000	-9999.000000
-9999.000000	-9999.000000	53.266000	54.479000	53.824000	53.417000	48.901000	45.245000	45.628000	45.420000	47.331000	51.289000	50.761000	46.695000	43.496000	42.169000	41.092000	39.917000	39.880000	40.653000	38.623000	34.325000	-9999.000000	-9999.000000	-9999.000000	-9999.000000	-9999.000000	-9999.000000	-9999.000000
-9999.000000	68.052000	69.222000	69.712000	62.203000	61.898000	59.108000	57.889000	54.542000	52.294000	50.504000	54.380000	49.377000	50.411000	46.531000	45.803000	44.992000	44.939000	44.802000	44.139000	39.683000	37.748000	35.543000	-9999.000000	-9999.000000	-9999.000000	-9999.000000	-9999.000000	-9999.000000
76.311000	72.345000	71.207000	73.422000	66.268000	64.499000	64.117000	60.405000	57.118000	54.468000	53.208000	54.184000	51.827000	51.651000	50.423000	50.145000	49.555000	47.625000	46.287000	45.135000	41.688000	39.076000	36.990000	35.637000	39.087000	-9999.000000	-9999.000000	-9999.000000	-9999.000000
-9999.000000	81.327000	77.858000	77.866000	76.063000	73.420000	70.742000	65.485000	61.997000	56.937000	55.925000	54.944000	54.357000	54.451000	53.193000	54.326000	53.019000	51.277000	48.156000	47.470000	44.958000	41.034000	39.461000	39.817000	42.967000	41.749000	-9999.000000	-9999.000000	-9999.000000
-9999.000000	-9999.000000	-9999.000000	84.817000	81.822000	81.165000	77.829000	72.764000	73.174000	61.744000	61.773000	60.662000	58.999000	58.540000	59.206000	63.376000	59.876000	55.319000	55.314000	50.837000	47.508000	42.796000	42.455000	41.818000	46.342000	44.984000	44.362000	-9999.000000	-9999.000000
-9999.000000	-9999.000000	-9999.000000	-9999.000000	-9999.000000	-9999.000000	85.002000	79.199000	76.474000	67.643000	66.094000	63.932000	60.948000	59.774000	58.453000	63.864000	66.100000	64.325000	62.604000	54.590000	51.047000	48.624000	45.832000	45.536000	48.415000	48.540000	47.869000	47.148000	-9999.000000
-9999.000000	-9999.000000	-9999.000000	-9999.000000	-9999.000000	105.495000	99.375000	90.465000	89.075000	81.021000	77.340000	73.312000	70.393000	63.061000	64.038000	67.686000	68.874000	70.243000	70.345000	64.698000	57.571000	55.669000	54.185000	52.778000	53.157000	53.127000	51.504000	50.204000	-9999.000000
-9999.000000	-9999.000000	-9999.000000	-9999.000000	-9999.000000	104.049000	107.352000	98.703000	97.366000	91.003000	85.505000	79.675000	72.375000	70.518000	68.483000	71.149000	71.031000	74.067000	73.074000	69.666000	65.785000	63.538000	61.305000	58.382000	56.979000	55.753000	54.820000	55.724000	-9999.000000
-9999.000000	-9999.000000	-9999.000000	-9999.000000	120.307000	115.848000	108.956000	104.533000	99.917000	88.432000	86.112000	81.251000	74.480000	72.817000	72.216000	75.968000	70.962000	80.159000	68.053000	67.492000	63.201000	64.348000	61.971000	-9999.000000	-9999.000000	-9999.000000	-9999.000000	-9999.000000	-9999.000000
-9999.000000	-9999.000000	-9999.000000	135.968000	124.791000	120.053000	117.566000	108.483000	99.872000	90.519000	88.198000	82.718000	75.768000	73.828000	72.753000	72.262000	69.224000	66.276000	66.968000	65.209000	64.510000	-9999.000000	-9999.000000	-9999.000000	-9999.000000	-9999.000000	-9999.000000	-9999.000000	-9999.000000
-9999.000000	-9999.000000	164.196000	153.580000	138.041000	130.958000	123.202000	108.759000	103.053000	91.307000	88.230000	82.408000	75.641000	71.975000	70.649000	70.222000	67.881000	69.093000	64.991000	-9999.000000	-9999.000000	-9999.000000	-9999.000000	-9999.000000	-9999.000000	-9999.000000	-9999.000000	-9999.000000	-9999.000000
-9999.000000	-9999.000000	-9999.000000	167.375000	151.339000	141.227000	126.722000	112.254000	102.928000	92.489000	88.648000	84.000000	78.818000	70.676000	69.519000	69.486000	69.736000	70.845000	74.090000	-9999.000000	-9999.000000	-9999.000000	-9999.000000	-9999.000000	-9999.000000	-9999.000000	-9999.000000	-9999.000000	-9999.000000
-9999.000000	-9999.000000	-9999.000000	-9999.000000	-9999.000000	138.770000	123.594000	110.047000	103.335000	94.036000	90.224000	86.515000	81.273000	-9999.000000	-9999.000000	-9999.000000	-9999.000000	75.533000	-9999.000000	-9999.000000	-9999.000000	-9999.000000	-9999.000000	-9999.000000	-9999.000000	-9999.000000	-9999.000000	-9999.000000	-9999.000000
-9999.000000	-9999.000000	-9999.000000	-9999.000000	140.514000	130.715000	121.444000	113.362000	106.920000	98.174000	92.203000	88.467000	-9999.000000	-9999.000000	-9999.000000	-9999.000000	-9999.000000	-9999.000000	-9999.000000	-9999.000000	-9999.000000	-9999.000000	-9999.000000	-9999.000000	-9999.000000	-9999.000000	-9999.000000	-9999.000000	-9999.000000
-9999.000000	-9999.000000	-9999.000000	-9999.000000	-9999.000000	134.369000	126.828000	118.610000	-9999.000000	-9999.000000	-9999.000000	-9999.000000	-9999.000000	-9999.000000	-9999.000000	-9999.000000	-9999.000000	-9999.000000	-9999.000000	-9999.000000	-9999.000000	-9999.000000	-9999.000000	-9999.000000	-9999.000000	-9999.000000	-9999.000000	-9999.000000	-9999.000000
