AMSdata_code/data/figure10/2003_9_sum.txt
ncols         29
nrows         21
xllcorner     119.050298
yllcorner     30.119212
cellsize      0.1
NODATA_value  -9999
-9999.000000	-9999.000000	-9999.000000	99.308000	78.194000	74.955000	81.872000	-9999.000000	-9999.000000	-9999.000000	-9999.000000	-9999.000000	-9999.000000	-9999.000000	-9999.000000	-9999.000000	-9999.000000	-9999.000000	-9999.000000	-9999.000000	-9999.000000	-9999.000000	-9999.000000	-9999.000000	-9999.000000	-9999.000000	-9999.000000	-9999.000000	-9999.000000
-9999.000000	-9999.000000	120.190000	104.141000	72.642000	65.754000	69.524000	73.147000	-9999.000000	-9999.000000	-9999.000000	-9999.000000	-9999.000000	-9999.000000	-9999.000000	-9999.000000	-9999.000000	-9999.000000	-9999.000000	-9999.000000	-9999.000000	-9999.000000	-9999.000000	-9999.000000	-9999.000000	-9999.000000	-9999.000000	-9999.000000	-9999.000000
-9999.000000	-9999.000000	94.137000	85.593000	64.962000	59.386000	72.119000	61.120000	61.198000	-9999.000000	-9999.000000	-9999.000000	-9999.000000	-9999.000000	71.997000	73.466000	73.150000	-9999.000000	-9999.000000	-9999.000000	-9999.000000	-9999.000000	-9999.000000	-9999.000000	-9999.000000	-9999.000000	-9999.000000	-9999.000000	-9999.000000
-9999.000000	-9999.000000	86.687000	79.277000	61.062000	53.433000	60.756000	53.905000	55.218000	44.518000	48.958000	51.163000	51.927000	56.126000	61.241000	66.046000	64.458000	68.517000	-9999.000000	-9999.000000	-9999.000000	-9999.000000	-9999.000000	-9999.000000	-9999.000000	-9999.000000	-9999.000000	-9999.000000	-9999.000000
-9999.000000	-9999.000000	76.858000	65.510000	50.216000	46.698000	44.979000	44.580000	45.848000	42.554000	45.103000	48.841000	55.426000	52.755000	59.775000	66.204000	69.183000	65.370000	-9999.000000	-9999.000000	-9999.000000	-9999.000000	-9999.000000	-9999.000000	-9999.000000	-9999.000000	-9999.000000	-9999.000000	-9999.000000
-9999.000000	-9999.000000	-9999.000000	53.973000	41.413000	42.248000	51.518000	46.401000	47.159000	45.601000	47.691000	52.455000	63.788000	60.906000	63.916000	63.292000	65.565000	61.187000	59.484000	74.493000	71.590000	-9999.000000	-9999.000000	-9999.000000	-9999.000000	-9999.000000	-9999.000000	-9999.000000	-9999.000000
-9999.000000	-9999.000000	53.707000	47.943000	38.458000	38.570000	46.666000	51.481000	53.899000	49.184000	54.534000	55.080000	54.470000	54.874000	56.799000	59.482000	58.163000	61.495000	64.276000	76.073000	74.858000	73.774000	-9999.000000	-9999.000000	-9999.000000	-9999.000000	-9999.000000	-9999.000000	-9999.000000
-9999.000000	48.367000	40.572000	38.155000	34.557000	33.798000	47.350000	55.803000	60.782000	59.300000	57.328000	58.680000	57.386000	53.631000	48.937000	49.608000	47.220000	48.586000	57.403000	55.407000	60.004000	54.150000	55.277000	-9999.000000	-9999.000000	-9999.000000	-9999.000000	-9999.000000	-9999.000000
63.449000	49.142000	43.275000	41.208000	41.709000	43.646000	57.170000	63.106000	59.574000	57.772000	57.711000	61.938000	53.884000	52.364000	47.616000	51.995000	48.013000	48.049000	52.512000	54.076000	54.373000	52.959000	49.697000	48.438000	48.757000	-9999.000000	-9999.000000	-9999.000000	-9999.000000
-9999.000000	55.504000	55.475000	54.144000	67.737000	63.365000	62.696000	64.225000	63.465000	64.330000	58.682000	62.450000	60.816000	63.372000	51.674000	52.826000	47.123000	46.093000	43.270000	43.537000	43.339000	43.721000	45.339000	46.464000	43.714000	48.699000	-9999.000000	-9999.000000	-9999.000000
-9999.000000	-9999.000000	-9999.000000	77.059000	84.195000	79.084000	68.401000	68.293000	66.124000	78.787000	75.575000	74.492000	67.094000	61.570000	51.550000	56.750000	49.247000	47.872000	45.024000	37.617000	37.099000	35.897000	36.261000	38.286000	52.397000	58.699000	58.860000	-9999.000000	-9999.000000
-9999.000000	-9999.000000	-9999.000000	-9999.000000	-9999.000000	-9999.000000	80.305000	78.821000	75.806000	88.698000	81.999000	67.848000	56.442000	46.561000	48.691000	43.848000	40.834000	34.127000	37.331000	35.323000	34.885000	34.647000	34.303000	36.490000	49.161000	52.773000	59.090000	55.555000	-9999.000000
-9999.000000	-9999.000000	-9999.000000	-9999.000000	-9999.000000	111.964000	96.395000	93.384000	83.847000	77.080000	69.878000	58.682000	57.085000	46.705000	44.683000	45.060000	43.802000	42.303000	34.225000	38.283000	35.300000	31.097000	29.441000	30.515000	33.831000	37.187000	36.647000	36.950000	-9999.000000
-9999.000000	-9999.000000	-9999.000000	-9999.000000	-9999.000000	102.583000	92.792000	92.733000	80.811000	61.218000	64.476000	58.755000	57.895000	57.961000	43.993000	43.331000	44.006000	40.115000	37.650000	33.196000	32.552000	26.876000	26.488000	26.074000	26.131000	28.888000	30.126000	28.143000	-9999.000000
-9999.000000	-9999.000000	-9999.000000	-9999.000000	102.594000	96.358000	87.153000	87.383000	81.627000	63.097000	64.309000	59.951000	50.456000	47.028000	40.372000	37.188000	32.481000	35.111000	26.452000	27.812000	26.988000	27.660000	22.881000	-9999.000000	-9999.000000	-9999.000000	-9999.000000	-9999.000000	-9999.000000
-9999.000000	-9999.000000	-9999.000000	106.824000	117.599000	109.625000	100.537000	96.385000	87.294000	72.716000	68.191000	62.441000	44.953000	45.430000	43.000000	39.361000	29.256000	27.165000	27.447000	26.844000	25.245000	-9999.000000	-9999.000000	-9999.000000	-9999.000000	-9999.000000	-9999.000000	-9999.000000	-9999.000000
-9999.000000	-9999.000000	140.263000	128.999000	126.675000	117.017000	104.174000	100.241000	89.061000	74.575000	72.909000	56.982000	40.963000	40.090000	40.782000	31.679000	28.757000	27.287000	24.907000	-9999.000000	-9999.000000	-9999.000000	-9999.000000	-9999.000000	-9999.000000	-9999.000000	-9999.000000	-9999.000000	-9999.000000
-9999.000000	-9999.000000	-9999.000000	159.680000	139.445000	123.903000	108.952000	100.643000	91.552000	82.911000	74.264000	58.040000	46.919000	44.530000	35.818000	34.754000	33.226000	33.326000	30.921000	-9999.000000	-9999.000000	-9999.000000	-9999.000000	-9999.000000	-9999.000000	-9999.000000	-9999.000000	-9999.000000	-9999.000000
-9999.000000	-9999.000000	-9999.000000	-9999.000000	-9999.000000	131.586000	108.791000	98.934000	91.318000	79.810000	71.799000	62.667000	49.370000	-9999.000000	-9999.000000	-9999.000000	-9999.000000	35.848000	-9999.000000	-9999.000000	-9999.000000	-9999.000000	-9999.000000	-9999.000000	-9999.000000	-9999.000000	-9999.000000	-9999.000000	-9999.000000
-9999.000000	-9999.000000	-9999.000000	-9999.000000	171.328000	153.362000	121.389000	105.197000	94.240000	78.188000	72.676000	64.717000	-9999.000000	-9999.000000	-9999.000000	-9999.000000	-9999.000000	-9999.000000	-9999.000000	-9999.000000	-9999.000000	-9999.000000	-9999.000000	-9999.000000	-9999.000000	-9999.000000	-9999.000000	-9999.000000	-9999.000000
-9999.000000	-9999.000000	-9999.000000	-9999.000000	-9999.000000	162.145000	130.581000	111.136000	-9999.000000	-9999.000000	-9999.000000	-9999.000000	-9999.000000	-9999.000000	-9999.000000	-9999.000000	-9999.000000	-9999.000000	-9999.000000	-9999.000000	-9999.000000	-9999.000000	-9999.000000	-9999.000000	-9999.000000	-9999.000000	-9999.000000	-9999.000000	-9999.000000
