AMSdata_code/data/figure10/2006_9_sum.txt
ncols         29
nrows         21
xllcorner     119.050298
yllcorner     30.119212
cellsize      0.1
NODATA_value  -9999
-9999.000000	-9999.000000	-9999.000000	98.651000	100.999000	102.500000	100.397000	-9999.000000	-9999.000000	-9999.000000	-9999.000000	-9999.000000	-9999.000000	-9999.000000	-9999.000000	-9999.000000	-9999.000000	-9999.000000	-9999.000000	-9999.000000	-9999.000000	-9999.000000	-9999.000000	-9999.000000	-9999.000000	-9999.000000	-9999.000000	-9999.000000	-9999.000000
-9999.000000	-9999.000000	99.210000	100.429000	103.212000	101.442000	100.123000	100.593000	-9999.000000	-9999.000000	-9999.000000	-9999.000000	-9999.000000	-9999.000000	-9999.000000	-9999.000000	-9999.000000	-9999.000000	-9999.000000	-9999.000000	-9999.000000	-9999.000000	-9999.000000	-9999.000000	-9999.000000	-9999.000000	-9999.000000	-9999.000000	-9999.000000
-9999.000000	-9999.000000	99.369000	100.091000	104.592000	104.275000	103.987000	106.561000	106.160000	-9999.000000	-9999.000000	-9999.000000	-9999.000000	-9999.000000	96.138000	91.594000	91.358000	-9999.000000	-9999.000000	-9999.000000	-9999.000000	-9999.000000	-9999.000000	-9999.000000	-9999.000000	-9999.000000	-9999.000000	-9999.000000	-9999.000000
-9999.000000	-9999.000000	101.214000	102.703000	106.455000	106.185000	108.698000	109.510000	107.320000	102.282000	100.780000	98.534000	98.599000	99.142000	99.608000	94.972000	90.514000	92.885000	-9999.000000	-9999.000000	-9999.000000	-9999.000000	-9999.000000	-9999.000000	-9999.000000	-9999.000000	-9999.000000	-9999.000000	-9999.000000
-9999.000000	-9999.000000	108.595000	111.710000	115.179000	113.150000	110.836000	108.838000	106.895000	102.244000	96.820000	96.609000	94.715000	93.235000	96.047000	95.922000	93.932000	91.411000	-9999.000000	-9999.000000	-9999.000000	-9999.000000	-9999.000000	-9999.000000	-9999.000000	-9999.000000	-9999.000000	-9999.000000	-9999.000000
-9999.000000	-9999.000000	-9999.000000	118.492000	119.270000	118.246000	114.229000	110.656000	107.092000	98.885000	96.894000	97.015000	94.970000	93.008000	95.368000	92.659000	89.170000	87.124000	88.187000	94.723000	95.407000	-9999.000000	-9999.000000	-9999.000000	-9999.000000	-9999.000000	-9999.000000	-9999.000000	-9999.000000
-9999.000000	-9999.000000	123.636000	131.047000	129.120000	123.291000	117.276000	113.722000	110.083000	102.002000	98.335000	96.995000	94.685000	93.490000	90.695000	88.432000	90.279000	86.565000	85.480000	91.433000	93.839000	93.146000	-9999.000000	-9999.000000	-9999.000000	-9999.000000	-9999.000000	-9999.000000	-9999.000000
-9999.000000	120.463000	128.448000	133.969000	136.033000	130.284000	131.421000	119.095000	113.776000	103.105000	96.748000	98.546000	95.413000	90.690000	93.214000	91.623000	93.502000	93.417000	93.804000	93.424000	95.204000	98.100000	98.087000	-9999.000000	-9999.000000	-9999.000000	-9999.000000	-9999.000000	-9999.000000
105.954000	122.633000	128.623000	132.100000	123.775000	123.316000	137.858000	132.065000	124.122000	113.939000	107.136000	106.263000	97.927000	95.850000	94.447000	92.767000	95.077000	98.164000	97.100000	96.656000	100.979000	99.111000	96.246000	96.787000	100.460000	-9999.000000	-9999.000000	-9999.000000	-9999.000000
-9999.000000	120.304000	125.349000	132.806000	143.733000	143.490000	142.612000	136.517000	125.268000	118.043000	112.910000	105.532000	108.018000	100.966000	96.745000	91.977000	92.785000	98.524000	99.848000	99.618000	98.620000	93.981000	93.266000	93.812000	92.597000	98.092000	-9999.000000	-9999.000000	-9999.000000
-9999.000000	-9999.000000	-9999.000000	134.127000	145.981000	146.002000	144.498000	140.137000	126.388000	116.928000	116.579000	111.495000	108.380000	110.766000	102.042000	103.929000	105.008000	102.307000	102.219000	100.046000	96.779000	93.832000	91.582000	89.357000	87.514000	95.811000	91.966000	-9999.000000	-9999.000000
-9999.000000	-9999.000000	-9999.000000	-9999.000000	-9999.000000	-9999.000000	136.610000	129.151000	123.818000	118.252000	115.912000	107.957000	107.502000	107.001000	108.475000	109.433000	108.009000	104.020000	98.652000	96.635000	94.495000	93.115000	93.941000	93.967000	86.415000	98.532000	93.379000	87.408000	-9999.000000
-9999.000000	-9999.000000	-9999.000000	-9999.000000	-9999.000000	123.322000	118.765000	116.027000	113.987000	113.051000	112.756000	117.810000	118.334000	111.106000	112.132000	113.749000	105.699000	99.730000	99.716000	100.226000	94.943000	89.309000	84.493000	86.700000	87.459000	101.726000	104.064000	91.071000	-9999.000000
-9999.000000	-9999.000000	-9999.000000	-9999.000000	-9999.000000	118.410000	120.044000	128.726000	124.638000	118.815000	121.096000	120.408000	118.136000	115.179000	116.555000	115.560000	109.827000	107.404000	105.460000	99.473000	94.488000	94.541000	88.743000	85.747000	105.175000	114.194000	118.280000	121.389000	-9999.000000
-9999.000000	-9999.000000	-9999.000000	-9999.000000	114.830000	118.089000	125.703000	134.523000	131.042000	117.291000	117.856000	120.140000	117.803000	116.989000	115.414000	111.915000	109.401000	109.916000	103.086000	101.104000	97.771000	99.309000	97.609000	-9999.000000	-9999.000000	-9999.000000	-9999.000000	-9999.000000	-9999.000000
-9999.000000	-9999.000000	-9999.000000	120.992000	120.677000	119.269000	127.844000	137.462000	131.966000	124.364000	122.813000	120.760000	117.583000	117.441000	115.233000	111.219000	109.096000	104.617000	101.484000	100.488000	97.292000	-9999.000000	-9999.000000	-9999.000000	-9999.000000	-9999.000000	-9999.000000	-9999.000000	-9999.000000
-9999.000000	-9999.000000	121.674000	124.508000	123.368000	126.674000	130.974000	131.261000	127.977000	121.779000	120.460000	122.165000	115.353000	115.556000	111.211000	108.554000	107.828000	103.046000	98.262000	-9999.000000	-9999.000000	-9999.000000	-9999.000000	-9999.000000	-9999.000000	-9999.000000	-9999.000000	-9999.000000	-9999.000000
-9999.000000	-9999.000000	-9999.000000	123.449000	121.393000	124.259000	122.541000	125.732000	123.501000	127.467000	128.113000	127.458000	118.085000	115.688000	112.685000	107.199000	103.020000	103.198000	100.767000	-9999.000000	-9999.000000	-9999.000000	-9999.000000	-9999.000000	-9999.000000	-9999.000000	-9999.000000	-9999.000000	-9999.000000
-9999.000000	-9999.000000	-9999.000000	-9999.000000	-9999.000000	120.841000	123.870000	122.220000	119.727000	124.685000	124.722000	121.474000	121.798000	-9999.000000	-9999.000000	-9999.000000	-9999.000000	108.589000	-9999.000000	-9999.000000	-9999.000000	-9999.000000	-9999.000000	-9999.000000	-9999.000000	-9999.000000	-9999.000000	-9999.000000	-9999.000000
-9999.000000	-9999.000000	-9999.000000	-9999.000000	109.915000	112.890000	114.392000	118.588000	117.380000	113.216000	107.759000	113.325000	-9999.000000	-9999.000000	-9999.000000	-9999.000000	-9999.000000	-9999.000000	-9999.000000	-9999.000000	-9999.000000	-9999.000000	-9999.000000	-9999.000000	-9999.000000	-9999.000000	-9999.000000	-9999.000000	-9999.000000
-9999.000000	-9999.000000	-9999.000000	-9999.000000	-9999.000000	107.504000	110.662000	111.383000	-9999.000000	-9999.000000	-9999.000000	-9999.000000	-9999.000000	-9999.000000	-9999.000000	-9999.000000	-9999.000000	-9999.000000	-9999.000000	-9999.000000	-9999.000000	-9999.000000	-9999.000000	-9999.000000	-9999.000000	-9999.000000	-9999.000000	-9999.000000	-9999.000000
