AMSdata_code/data/figure10/2006_7_sum.txt
ncols         29
nrows         21
xllcorner     119.050298
yllcorner     30.119212
cellsize      0.1
NODATA_value  -9999
-9999.000000	-9999.000000	-9999.000000	342.412000	331.983000	324.450000	309.567000	-9999.000000	-9999.000000	-9999.000000	-9999.000000	-9999.000000	-9999.000000	-9999.000000	-9999.000000	-9999.000000	-9999.000000	-9999.000000	-9999.000000	-9999.000000	-9999.000000	-9999.000000	-9999.000000	-9999.000000	-9999.000000	-9999.000000	-9999.000000	-9999.000000	-9999.000000
-9999.000000	-9999.000000	360.981000	347.515000	329.490000	321.313000	298.015000	306.110000	-9999.000000	-9999.000000	-9999.000000	-9999.000000	-9999.000000	-9999.000000	-9999.000000	-9999.000000	-9999.000000	-9999.000000	-9999.000000	-9999.000000	-9999.000000	-9999.000000	-9999.000000	-9999.000000	-9999.000000	-9999.000000	-9999.000000	-9999.000000	-9999.000000
-9999.000000	-9999.000000	338.766000	326.731000	322.539000	301.699000	285.767000	285.279000	291.352000	-9999.000000	-9999.000000	-9999.000000	-9999.000000	-9999.000000	357.983000	370.603000	363.221000	-9999.000000	-9999.000000	-9999.000000	-9999.000000	-9999.000000	-9999.000000	-9999.000000	-9999.000000	-9999.000000	-9999.000000	-9999.000000	-9999.000000
-9999.000000	-9999.000000	340.555000	325.153000	315.922000	295.876000	284.777000	283.511000	291.871000	283.778000	300.384000	328.227000	339.966000	339.892000	358.087000	369.546000	362.123000	345.629000	-9999.000000	-9999.000000	-9999.000000	-9999.000000	-9999.000000	-9999.000000	-9999.000000	-9999.000000	-9999.000000	-9999.000000	-9999.000000
-9999.000000	-9999.000000	333.015000	316.155000	298.504000	283.174000	264.890000	267.255000	273.440000	278.598000	291.777000	310.438000	348.826000	349.267000	334.462000	346.140000	349.920000	353.259000	-9999.000000	-9999.000000	-9999.000000	-9999.000000	-9999.000000	-9999.000000	-9999.000000	-9999.000000	-9999.000000	-9999.000000	-9999.000000
-9999.000000	-9999.000000	-9999.000000	317.295000	300.738000	292.151000	273.504000	270.089000	279.770000	281.611000	288.649000	303.791000	325.456000	322.719000	319.578000	318.657000	329.357000	342.910000	344.248000	338.487000	342.121000	-9999.000000	-9999.000000	-9999.000000	-9999.000000	-9999.000000	-9999.000000	-9999.000000	-9999.000000
-9999.000000	-9999.000000	324.979000	322.473000	301.187000	291.833000	285.202000	283.708000	282.676000	289.832000	287.948000	293.896000	313.135000	321.259000	307.752000	308.572000	316.828000	317.928000	334.150000	336.630000	327.980000	331.321000	-9999.000000	-9999.000000	-9999.000000	-9999.000000	-9999.000000	-9999.000000	-9999.000000
-9999.000000	321.675000	308.863000	307.783000	305.282000	297.913000	291.286000	278.278000	291.025000	297.167000	298.171000	302.379000	292.472000	295.633000	282.289000	288.891000	298.283000	303.406000	306.322000	303.301000	304.582000	291.433000	296.799000	-9999.000000	-9999.000000	-9999.000000	-9999.000000	-9999.000000	-9999.000000
337.655000	324.628000	318.758000	322.254000	311.800000	308.857000	313.267000	310.079000	306.559000	307.520000	296.735000	295.865000	279.125000	269.256000	265.193000	261.703000	282.984000	288.792000	294.239000	260.506000	257.482000	255.885000	264.383000	280.269000	274.718000	-9999.000000	-9999.000000	-9999.000000	-9999.000000
-9999.000000	342.453000	332.285000	333.132000	338.301000	339.738000	344.430000	344.093000	322.923000	302.436000	292.804000	288.485000	266.613000	251.391000	239.954000	241.870000	253.497000	254.537000	256.394000	239.297000	240.976000	261.606000	246.168000	267.261000	257.256000	254.775000	-9999.000000	-9999.000000	-9999.000000
-9999.000000	-9999.000000	-9999.000000	334.653000	342.282000	355.850000	354.023000	330.847000	315.662000	306.755000	292.943000	286.189000	263.730000	243.751000	235.134000	242.419000	236.895000	236.400000	231.269000	231.203000	234.499000	238.796000	246.502000	250.044000	246.737000	242.878000	239.046000	-9999.000000	-9999.000000
-9999.000000	-9999.000000	-9999.000000	-9999.000000	-9999.000000	-9999.000000	338.025000	327.142000	324.410000	305.750000	295.496000	281.639000	252.375000	237.686000	219.224000	226.887000	227.490000	227.347000	223.489000	231.142000	228.189000	228.876000	231.791000	238.950000	240.650000	244.267000	241.055000	237.052000	-9999.000000
-9999.000000	-9999.000000	-9999.000000	-9999.000000	-9999.000000	316.439000	277.496000	270.973000	288.847000	256.829000	249.607000	229.186000	208.273000	201.287000	190.684000	192.449000	189.170000	189.182000	193.660000	204.388000	201.174000	193.296000	191.261000	197.341000	197.479000	211.827000	210.111000	216.998000	-9999.000000
-9999.000000	-9999.000000	-9999.000000	-9999.000000	-9999.000000	284.487000	264.501000	262.926000	264.451000	244.922000	234.435000	211.315000	196.600000	192.617000	180.645000	170.883000	173.290000	175.903000	174.954000	185.586000	185.818000	177.764000	176.332000	179.177000	188.899000	201.404000	215.410000	214.697000	-9999.000000
-9999.000000	-9999.000000	-9999.000000	-9999.000000	251.950000	244.401000	236.618000	246.508000	230.633000	225.030000	213.789000	200.439000	184.474000	171.711000	176.451000	176.750000	171.041000	159.320000	145.147000	166.795000	165.087000	166.470000	168.641000	-9999.000000	-9999.000000	-9999.000000	-9999.000000	-9999.000000	-9999.000000
-9999.000000	-9999.000000	-9999.000000	261.348000	255.489000	245.134000	234.719000	231.378000	226.435000	203.912000	193.059000	183.536000	170.596000	167.641000	178.724000	175.318000	174.367000	169.876000	165.996000	175.368000	175.596000	-9999.000000	-9999.000000	-9999.000000	-9999.000000	-9999.000000	-9999.000000	-9999.000000	-9999.000000
-9999.000000	-9999.000000	269.652000	254.929000	255.320000	249.257000	235.226000	224.248000	226.619000	198.793000	188.330000	170.230000	163.545000	161.342000	174.899000	176.948000	171.658000	178.964000	177.980000	-9999.000000	-9999.000000	-9999.000000	-9999.000000	-9999.000000	-9999.000000	-9999.000000	-9999.000000	-9999.000000	-9999.000000
-9999.000000	-9999.000000	-9999.000000	262.110000	246.378000	239.909000	224.149000	203.927000	201.819000	156.854000	146.207000	141.052000	138.967000	137.754000	148.156000	161.436000	179.466000	218.001000	218.125000	-9999.000000	-9999.000000	-9999.000000	-9999.000000	-9999.000000	-9999.000000	-9999.000000	-9999.000000	-9999.000000	-9999.000000
-9999.000000	-9999.000000	-9999.000000	-9999.000000	-9999.000000	234.188000	214.258000	207.838000	189.042000	156.873000	146.889000	137.669000	136.201000	-9999.000000	-9999.000000	-9999.000000	-9999.000000	248.879000	-9999.000000	-9999.000000	-9999.000000	-9999.000000	-9999.000000	-9999.000000	-9999.000000	-9999.000000	-9999.000000	-9999.000000	-9999.000000
-9999.000000	-9999.000000	-9999.000000	-9999.000000	235.968000	236.510000	232.081000	218.262000	204.105000	166.681000	146.539000	129.907000	-9999.000000	-9999.000000	-9999.000000	-9999.000000	-9999.000000	-9999.000000	-9999.000000	-9999.000000	-9999.000000	-9999.000000	-9999.000000	-9999.000000	-9999.000000	-9999.000000	-9999.000000	-9999.000000	-9999.000000
-9999.000000	-9999.000000	-9999.000000	-9999.000000	-9999.000000	239.000000	237.645000	234.578000	-9999.000000	-9999.000000	-9999.000000	-9999.000000	-9999.000000	-9999.000000	-9999.000000	-9999.000000	-9999.000000	-9999.000000	-9999.000000	-9999.000000	-9999.000000	-9999.000000	-9999.000000	-9999.000000	-9999.000000	-9999.000000	-9999.000000	-9999.000000	-9999.000000
