AMSdata_code/data/figure10/2006_8_sum.txt
ncols         29
nrows         21
xllcorner     119.050298
yllcorner     30.119212
cellsize      0.1
NODATA_value  -9999
-9999.000000	-9999.000000	-9999.000000	144.650000	149.581000	127.502000	110.105000	-9999.000000	-9999.000000	-9999.000000	-9999.000000	-9999.000000	-9999.000000	-9999.000000	-9999.000000	-9999.000000	-9999.000000	-9999.000000	-9999.000000	-9999.000000	-9999.000000	-9999.000000	-9999.000000	-9999.000000	-9999.000000	-9999.000000	-9999.000000	-9999.000000	-9999.000000
-9999.000000	-9999.000000	123.463000	122.220000	111.630000	99.212000	97.621000	96.339000	-9999.000000	-9999.000000	-9999.000000	-9999.000000	-9999.000000	-9999.000000	-9999.000000	-9999.000000	-9999.000000	-9999.000000	-9999.000000	-9999.000000	-9999.000000	-9999.000000	-9999.000000	-9999.000000	-9999.000000	-9999.000000	-9999.000000	-9999.000000	-9999.000000
-9999.000000	-9999.000000	87.921000	80.734000	82.349000	81.332000	93.320000	74.647000	71.167000	-9999.000000	-9999.000000	-9999.000000	-9999.000000	-9999.000000	61.225000	89.444000	107.173000	-9999.000000	-9999.000000	-9999.000000	-9999.000000	-9999.000000	-9999.000000	-9999.000000	-9999.000000	-9999.000000	-9999.000000	-9999.000000	-9999.000000
-9999.000000	-9999.000000	79.780000	79.660000	71.057000	68.183000	181.909000	107.610000	74.063000	62.889000	60.915000	58.064000	59.077000	57.040000	60.976000	74.461000	74.844000	71.320000	-9999.000000	-9999.000000	-9999.000000	-9999.000000	-9999.000000	-9999.000000	-9999.000000	-9999.000000	-9999.000000	-9999.000000	-9999.000000
-9999.000000	-9999.000000	77.841000	67.253000	69.100000	67.374000	131.281000	65.540000	70.887000	54.767000	55.304000	51.074000	55.004000	56.663000	61.373000	64.077000	61.626000	68.228000	-9999.000000	-9999.000000	-9999.000000	-9999.000000	-9999.000000	-9999.000000	-9999.000000	-9999.000000	-9999.000000	-9999.000000	-9999.000000
-9999.000000	-9999.000000	-9999.000000	58.166000	54.804000	59.707000	48.402000	46.607000	47.303000	51.264000	61.054000	54.639000	68.819000	80.248000	83.412000	78.981000	64.134000	64.087000	63.319000	64.393000	65.271000	-9999.000000	-9999.000000	-9999.000000	-9999.000000	-9999.000000	-9999.000000	-9999.000000	-9999.000000
-9999.000000	-9999.000000	57.057000	43.145000	47.511000	44.401000	44.524000	41.216000	46.521000	45.690000	52.410000	56.358000	60.512000	66.560000	63.573000	59.133000	119.373000	58.972000	58.675000	62.063000	58.804000	49.212000	-9999.000000	-9999.000000	-9999.000000	-9999.000000	-9999.000000	-9999.000000	-9999.000000
-9999.000000	64.264000	53.588000	38.729000	36.701000	35.094000	34.887000	36.547000	37.248000	39.867000	46.865000	60.076000	60.848000	57.784000	61.214000	129.946000	89.200000	41.335000	46.333000	43.173000	42.652000	35.104000	37.511000	-9999.000000	-9999.000000	-9999.000000	-9999.000000	-9999.000000	-9999.000000
64.079000	54.964000	51.115000	52.765000	39.925000	39.491000	31.803000	32.260000	36.522000	38.654000	37.033000	43.300000	48.853000	61.829000	93.202000	70.058000	42.304000	43.117000	43.602000	41.378000	38.659000	38.858000	37.627000	31.278000	30.051000	-9999.000000	-9999.000000	-9999.000000	-9999.000000
-9999.000000	59.454000	57.130000	61.440000	52.223000	39.001000	40.586000	34.065000	33.415000	32.414000	33.425000	39.129000	38.538000	54.963000	54.744000	53.247000	48.289000	40.271000	40.115000	34.246000	40.166000	40.321000	38.787000	37.898000	34.459000	25.121000	-9999.000000	-9999.000000	-9999.000000
-9999.000000	-9999.000000	-9999.000000	68.950000	57.723000	50.304000	49.687000	46.104000	45.030000	39.456000	36.337000	39.058000	36.790000	51.755000	52.095000	49.153000	44.185000	38.631000	38.007000	33.036000	44.602000	45.754000	42.542000	37.275000	35.438000	25.382000	23.042000	-9999.000000	-9999.000000
-9999.000000	-9999.000000	-9999.000000	-9999.000000	-9999.000000	-9999.000000	52.632000	52.405000	46.240000	42.888000	34.449000	42.520000	39.515000	44.901000	43.080000	43.107000	36.150000	34.800000	35.494000	45.882000	48.667000	47.865000	44.436000	43.042000	35.209000	27.494000	27.796000	21.149000	-9999.000000
-9999.000000	-9999.000000	-9999.000000	-9999.000000	-9999.000000	75.193000	72.856000	61.246000	48.218000	41.157000	39.923000	40.245000	35.724000	37.342000	37.066000	38.413000	35.939000	35.160000	42.677000	54.234000	57.336000	61.154000	60.387000	48.600000	34.270000	29.451000	18.774000	16.442000	-9999.000000
-9999.000000	-9999.000000	-9999.000000	-9999.000000	-9999.000000	74.334000	61.424000	55.003000	53.298000	42.962000	40.066000	38.423000	37.758000	38.571000	33.837000	33.442000	41.582000	44.716000	48.372000	54.259000	61.029000	58.522000	59.772000	48.430000	35.413000	29.385000	20.270000	18.611000	-9999.000000
-9999.000000	-9999.000000	-9999.000000	-9999.000000	77.837000	77.040000	67.238000	53.237000	55.046000	47.436000	40.097000	37.516000	35.984000	36.073000	33.158000	38.072000	40.151000	43.627000	48.432000	50.753000	51.998000	45.348000	36.756000	-9999.000000	-9999.000000	-9999.000000	-9999.000000	-9999.000000	-9999.000000
-9999.000000	-9999.000000	-9999.000000	92.207000	82.067000	83.528000	76.448000	69.917000	65.041000	53.501000	44.951000	43.333000	41.647000	40.599000	37.686000	40.481000	41.566000	40.735000	45.342000	45.644000	46.689000	-9999.000000	-9999.000000	-9999.000000	-9999.000000	-9999.000000	-9999.000000	-9999.000000	-9999.000000
-9999.000000	-9999.000000	97.389000	103.625000	94.442000	96.842000	88.117000	79.692000	72.819000	64.656000	59.136000	51.684000	48.260000	47.126000	42.961000	42.965000	41.038000	41.647000	42.269000	-9999.000000	-9999.000000	-9999.000000	-9999.000000	-9999.000000	-9999.000000	-9999.000000	-9999.000000	-9999.000000	-9999.000000
-9999.000000	-9999.000000	-9999.000000	116.894000	106.928000	107.767000	98.108000	88.101000	79.933000	73.972000	67.838000	59.118000	55.126000	53.459000	45.117000	44.596000	42.785000	44.384000	43.981000	-9999.000000	-9999.000000	-9999.000000	-9999.000000	-9999.000000	-9999.000000	-9999.000000	-9999.000000	-9999.000000	-9999.000000
-9999.000000	-9999.000000	-9999.000000	-9999.000000	-9999.000000	91.580000	85.277000	83.399000	81.405000	77.461000	73.618000	62.507000	58.197000	-9999.000000	-9999.000000	-9999.000000	-9999.000000	51.501000	-9999.000000	-9999.000000	-9999.000000	-9999.000000	-9999.000000	-9999.000000	-9999.000000	-9999.000000	-9999.000000	-9999.000000	-9999.000000
-9999.000000	-9999.000000	-9999.000000	-9999.000000	97.399000	89.958000	81.474000	87.177000	83.601000	80.254000	74.640000	64.241000	-9999.000000	-9999.000000	-9999.000000	-9999.000000	-9999.000000	-9999.000000	-9999.000000	-9999.000000	-9999.000000	-9999.000000	-9999.000000	-9999.000000	-9999.000000	-9999.000000	-9999.000000	-9999.000000	-9999.000000
-9999.000000	-9999.000000	-9999.000000	-9999.000000	-9999.000000	91.663000	88.925000	89.783000	-9999.000000	-9999.000000	-9999.000000	-9999.000000	-9999.000000	-9999.000000	-9999.000000	-9999.000000	-9999.000000	-9999.000000	-9999.000000	-9999.000000	-9999.000000	-9999.000000	-9999.000000	-9999.000000	-9999.000000	-9999.000000	-9999.000000	-9999.000000	-9999.000000
