AMSdata_code/data/figure10/2007_9_sum.txt
ncols         29
nrows         21
xllcorner     119.050298
yllcorner     30.119212
cellsize      0.1
NODATA_value  -9999
-9999.000000	-9999.000000	-9999.000000	114.940000	112.542000	112.883000	111.805000	-9999.000000	-9999.000000	-9999.000000	-9999.000000	-9999.000000	-9999.000000	-9999.000000	-9999.000000	-9999.000000	-9999.000000	-9999.000000	-9999.000000	-9999.000000	-9999.000000	-9999.000000	-9999.000000	-9999.000000	-9999.000000	-9999.000000	-9999.000000	-9999.000000	-9999.000000
-9999.000000	-9999.000000	122.043000	118.683000	113.980000	111.960000	111.482000	116.063000	-9999.000000	-9999.000000	-9999.000000	-9999.000000	-9999.000000	-9999.000000	-9999.000000	-9999.000000	-9999.000000	-9999.000000	-9999.000000	-9999.000000	-9999.000000	-9999.000000	-9999.000000	-9999.000000	-9999.000000	-9999.000000	-9999.000000	-9999.000000	-9999.000000
-9999.000000	-9999.000000	119.369000	117.473000	121.423000	118.784000	119.756000	124.519000	125.453000	-9999.000000	-9999.000000	-9999.000000	-9999.000000	-9999.000000	155.904000	159.760000	159.428000	-9999.000000	-9999.000000	-9999.000000	-9999.000000	-9999.000000	-9999.000000	-9999.000000	-9999.000000	-9999.000000	-9999.000000	-9999.000000	-9999.000000
-9999.000000	-9999.000000	123.562000	122.211000	123.264000	121.156000	132.378000	133.184000	133.590000	128.274000	131.505000	137.417000	143.386000	146.831000	152.893000	155.170000	157.760000	158.963000	-9999.000000	-9999.000000	-9999.000000	-9999.000000	-9999.000000	-9999.000000	-9999.000000	-9999.000000	-9999.000000	-9999.000000	-9999.000000
-9999.000000	-9999.000000	132.246000	131.216000	129.624000	133.924000	136.552000	140.498000	143.149000	134.988000	132.855000	136.038000	140.680000	143.284000	147.955000	151.135000	149.564000	154.273000	-9999.000000	-9999.000000	-9999.000000	-9999.000000	-9999.000000	-9999.000000	-9999.000000	-9999.000000	-9999.000000	-9999.000000	-9999.000000
-9999.000000	-9999.000000	-9999.000000	136.688000	140.224000	141.218000	141.675000	141.107000	145.864000	138.868000	137.629000	136.670000	138.039000	136.535000	143.233000	147.824000	152.256000	153.586000	158.857000	170.614000	177.680000	-9999.000000	-9999.000000	-9999.000000	-9999.000000	-9999.000000	-9999.000000	-9999.000000	-9999.000000
-9999.000000	-9999.000000	151.318000	154.645000	148.127000	148.385000	147.185000	148.710000	149.997000	141.966000	140.919000	135.302000	133.426000	132.770000	139.299000	142.697000	144.559000	152.849000	160.825000	170.881000	176.458000	178.830000	-9999.000000	-9999.000000	-9999.000000	-9999.000000	-9999.000000	-9999.000000	-9999.000000
-9999.000000	156.456000	159.741000	163.345000	155.438000	158.060000	157.554000	159.664000	156.343000	150.633000	147.479000	139.113000	131.458000	133.209000	135.551000	141.093000	153.774000	163.748000	168.727000	175.243000	179.019000	180.153000	186.074000	-9999.000000	-9999.000000	-9999.000000	-9999.000000	-9999.000000	-9999.000000
155.937000	160.870000	166.464000	169.769000	166.304000	168.301000	166.182000	166.503000	161.105000	157.002000	152.829000	143.766000	135.899000	136.054000	142.329000	149.252000	160.068000	168.995000	174.940000	179.131000	177.772000	179.491000	174.849000	184.360000	180.793000	-9999.000000	-9999.000000	-9999.000000	-9999.000000
-9999.000000	169.420000	172.244000	176.783000	171.033000	177.206000	175.113000	176.349000	172.777000	163.015000	159.082000	161.567000	157.956000	160.907000	158.308000	165.588000	170.484000	175.611000	176.270000	175.793000	173.264000	170.340000	174.932000	186.679000	180.394000	185.335000	-9999.000000	-9999.000000	-9999.000000
-9999.000000	-9999.000000	-9999.000000	186.145000	180.209000	184.474000	183.783000	183.517000	181.608000	177.196000	174.752000	177.381000	172.242000	163.183000	163.841000	175.882000	179.061000	180.054000	176.590000	170.145000	167.859000	167.739000	173.510000	180.052000	178.792000	180.999000	186.820000	-9999.000000	-9999.000000
-9999.000000	-9999.000000	-9999.000000	-9999.000000	-9999.000000	-9999.000000	187.169000	190.522000	192.145000	189.156000	195.037000	192.779000	175.530000	162.943000	161.833000	175.655000	180.715000	185.360000	180.724000	178.159000	174.049000	171.277000	174.084000	175.229000	174.073000	174.738000	184.742000	185.802000	-9999.000000
-9999.000000	-9999.000000	-9999.000000	-9999.000000	-9999.000000	190.517000	193.647000	194.059000	195.056000	195.822000	201.997000	205.313000	182.876000	169.673000	171.341000	181.509000	186.050000	184.061000	187.962000	182.393000	178.973000	162.908000	163.467000	164.475000	166.438000	167.354000	168.967000	174.113000	-9999.000000
-9999.000000	-9999.000000	-9999.000000	-9999.000000	-9999.000000	187.535000	192.401000	204.811000	206.271000	203.093000	198.073000	203.704000	188.106000	181.385000	176.814000	179.598000	181.987000	182.727000	204.146000	196.552000	189.799000	180.147000	163.346000	163.393000	164.734000	165.998000	175.773000	185.344000	-9999.000000
-9999.000000	-9999.000000	-9999.000000	-9999.000000	191.923000	193.832000	194.564000	201.727000	208.528000	205.659000	202.787000	198.434000	192.476000	186.361000	182.807000	185.338000	191.225000	189.706000	212.544000	211.754000	203.434000	188.960000	165.318000	-9999.000000	-9999.000000	-9999.000000	-9999.000000	-9999.000000	-9999.000000
-9999.000000	-9999.000000	-9999.000000	196.374000	198.162000	197.690000	200.778000	209.878000	209.958000	204.288000	203.857000	198.419000	199.232000	194.792000	194.761000	196.453000	190.759000	195.664000	222.267000	227.908000	216.872000	-9999.000000	-9999.000000	-9999.000000	-9999.000000	-9999.000000	-9999.000000	-9999.000000	-9999.000000
-9999.000000	-9999.000000	199.858000	201.677000	200.003000	199.751000	207.882000	209.081000	206.507000	203.375000	200.373000	201.049000	202.530000	202.259000	207.989000	212.439000	208.030000	213.913000	236.400000	-9999.000000	-9999.000000	-9999.000000	-9999.000000	-9999.000000	-9999.000000	-9999.000000	-9999.000000	-9999.000000	-9999.000000
-9999.000000	-9999.000000	-9999.000000	199.124000	188.850000	201.560000	199.513000	195.459000	195.093000	200.511000	203.214000	214.619000	220.524000	216.285000	229.027000	247.751000	225.031000	235.807000	273.798000	-9999.000000	-9999.000000	-9999.000000	-9999.000000	-9999.000000	-9999.000000	-9999.000000	-9999.000000	-9999.000000	-9999.000000
-9999.000000	-9999.000000	-9999.000000	-9999.000000	-9999.000000	183.422000	186.473000	183.601000	180.431000	186.636000	191.820000	206.816000	214.509000	-9999.000000	-9999.000000	-9999.000000	-9999.000000	253.045000	-9999.000000	-9999.000000	-9999.000000	-9999.000000	-9999.000000	-9999.000000	-9999.000000	-9999.000000	-9999.000000	-9999.000000	-9999.000000
-9999.000000	-9999.000000	-9999.000000	-9999.000000	177.611000	177.417000	176.024000	166.785000	162.840000	185.486000	194.086000	206.153000	-9999.000000	-9999.000000	-9999.000000	-9999.000000	-9999.000000	-9999.000000	-9999.000000	-9999.000000	-9999.000000	-9999.000000	-9999.000000	-9999.000000	-9999.000000	-9999.000000	-9999.000000	-9999.000000	-9999.000000
-9999.000000	-9999.000000	-9999.000000	-9999.000000	-9999.000000	179.190000	173.786000	171.037000	-9999.000000	-9999.000000	-9999.000000	-9999.000000	-9999.000000	-9999.000000	-9999.000000	-9999.000000	-9999.000000	-9999.000000	-9999.000000	-9999.000000	-9999.000000	-9999.000000	-9999.000000	-9999.000000	-9999.000000	-9999.000000	-9999.000000	-9999.000000	-9999.000000
