AMSdata_code/data/figure10/2007_6_sum.txt
ncols         29
nrows         21
xllcorner     119.050298
yllcorner     30.119212
cellsize      0.1
NODATA_value  -9999
-9999.000000	-9999.000000	-9999.000000	93.606000	99.429000	96.774000	95.560000	-9999.000000	-9999.000000	-9999.000000	-9999.000000	-9999.000000	-9999.000000	-9999.000000	-9999.000000	-9999.000000	-9999.000000	-9999.000000	-9999.000000	-9999.000000	-9999.000000	-9999.000000	-9999.000000	-9999.000000	-9999.000000	-9999.000000	-9999.000000	-9999.000000	-9999.000000
-9999.000000	-9999.000000	88.562000	84.963000	91.129000	91.056000	90.898000	90.932000	-9999.000000	-9999.000000	-9999.000000	-9999.000000	-9999.000000	-9999.000000	-9999.000000	-9999.000000	-9999.000000	-9999.000000	-9999.000000	-9999.000000	-9999.000000	-9999.000000	-9999.000000	-9999.000000	-9999.000000	-9999.000000	-9999.000000	-9999.000000	-9999.000000
-9999.000000	-9999.000000	79.978000	80.117000	86.765000	86.459000	87.744000	87.374000	87.030000	-9999.000000	-9999.000000	-9999.000000	-9999.000000	-9999.000000	99.813000	99.661000	95.179000	-9999.000000	-9999.000000	-9999.000000	-9999.000000	-9999.000000	-9999.000000	-9999.000000	-9999.000000	-9999.000000	-9999.000000	-9999.000000	-9999.000000
-9999.000000	-9999.000000	83.776000	84.547000	85.094000	87.048000	88.387000	87.868000	86.027000	90.488000	87.893000	86.938000	85.534000	89.240000	103.174000	104.151000	101.303000	113.229000	-9999.000000	-9999.000000	-9999.000000	-9999.000000	-9999.000000	-9999.000000	-9999.000000	-9999.000000	-9999.000000	-9999.000000	-9999.000000
-9999.000000	-9999.000000	91.951000	90.326000	88.259000	89.937000	90.873000	90.580000	89.890000	91.854000	86.525000	92.692000	90.586000	93.701000	107.038000	109.989000	106.239000	112.733000	-9999.000000	-9999.000000	-9999.000000	-9999.000000	-9999.000000	-9999.000000	-9999.000000	-9999.000000	-9999.000000	-9999.000000	-9999.000000
-9999.000000	-9999.000000	-9999.000000	90.197000	91.149000	89.611000	91.652000	88.188000	89.271000	88.709000	90.846000	96.725000	92.359000	92.720000	102.923000	105.666000	105.057000	109.733000	117.999000	115.958000	115.976000	-9999.000000	-9999.000000	-9999.000000	-9999.000000	-9999.000000	-9999.000000	-9999.000000	-9999.000000
-9999.000000	-9999.000000	99.085000	94.254000	94.912000	93.764000	91.236000	88.716000	90.284000	92.219000	91.960000	99.852000	96.623000	93.494000	103.124000	103.905000	103.340000	106.139000	106.046000	117.232000	123.885000	134.199000	-9999.000000	-9999.000000	-9999.000000	-9999.000000	-9999.000000	-9999.000000	-9999.000000
-9999.000000	108.817000	107.155000	102.712000	101.974000	99.999000	100.198000	93.139000	90.897000	96.785000	100.927000	101.690000	104.256000	101.312000	102.659000	101.844000	99.984000	110.121000	119.003000	132.725000	135.941000	141.868000	149.183000	-9999.000000	-9999.000000	-9999.000000	-9999.000000	-9999.000000	-9999.000000
110.410000	113.127000	110.165000	108.781000	107.969000	107.224000	102.239000	100.642000	95.994000	102.724000	104.545000	104.201000	108.036000	101.033000	103.782000	99.356000	99.655000	111.488000	121.852000	127.040000	131.799000	141.234000	149.242000	157.353000	162.952000	-9999.000000	-9999.000000	-9999.000000	-9999.000000
-9999.000000	117.920000	116.206000	114.601000	110.250000	114.890000	104.579000	103.382000	101.976000	114.501000	115.943000	120.295000	115.786000	112.277000	106.281000	108.839000	104.417000	111.387000	123.569000	131.377000	132.468000	142.921000	151.905000	161.843000	169.447000	172.927000	-9999.000000	-9999.000000	-9999.000000
-9999.000000	-9999.000000	-9999.000000	123.425000	120.873000	120.294000	118.988000	110.263000	106.665000	123.552000	117.661000	119.407000	113.133000	110.633000	108.546000	115.731000	116.751000	124.621000	137.259000	135.844000	141.493000	152.828000	166.372000	169.024000	180.630000	176.392000	178.861000	-9999.000000	-9999.000000
-9999.000000	-9999.000000	-9999.000000	-9999.000000	-9999.000000	-9999.000000	125.236000	118.988000	116.396000	127.810000	127.382000	121.381000	112.669000	104.343000	117.178000	117.870000	129.229000	140.006000	151.539000	152.910000	156.938000	170.109000	178.466000	182.388000	186.393000	183.053000	179.866000	173.683000	-9999.000000
-9999.000000	-9999.000000	-9999.000000	-9999.000000	-9999.000000	150.177000	144.652000	140.413000	142.325000	140.048000	132.459000	131.119000	129.692000	114.962000	117.147000	128.226000	146.183000	152.331000	167.228000	163.853000	174.681000	174.110000	183.736000	186.000000	183.792000	171.573000	167.084000	159.783000	-9999.000000
-9999.000000	-9999.000000	-9999.000000	-9999.000000	-9999.000000	149.117000	146.661000	151.822000	148.365000	151.110000	146.517000	132.456000	129.204000	127.995000	139.052000	145.847000	153.023000	163.083000	171.855000	176.919000	171.955000	177.732000	178.791000	181.133000	175.245000	163.740000	172.486000	163.680000	-9999.000000
-9999.000000	-9999.000000	-9999.000000	-9999.000000	150.383000	150.851000	143.683000	147.261000	144.182000	143.110000	139.647000	133.435000	130.307000	128.010000	122.470000	129.783000	143.751000	151.552000	164.772000	172.356000	177.828000	193.056000	188.772000	-9999.000000	-9999.000000	-9999.000000	-9999.000000	-9999.000000	-9999.000000
-9999.000000	-9999.000000	-9999.000000	153.394000	148.518000	147.768000	142.910000	147.939000	144.042000	142.506000	141.620000	136.859000	135.982000	130.383000	122.152000	122.266000	127.452000	132.920000	144.423000	152.610000	157.518000	-9999.000000	-9999.000000	-9999.000000	-9999.000000	-9999.000000	-9999.000000	-9999.000000	-9999.000000
-9999.000000	-9999.000000	173.022000	157.558000	158.251000	155.167000	150.550000	149.500000	148.802000	146.126000	149.013000	147.907000	139.652000	132.699000	124.803000	122.858000	129.169000	132.747000	139.728000	-9999.000000	-9999.000000	-9999.000000	-9999.000000	-9999.000000	-9999.000000	-9999.000000	-9999.000000	-9999.000000	-9999.000000
-9999.000000	-9999.000000	-9999.000000	177.530000	182.629000	174.500000	157.451000	158.204000	158.843000	166.348000	167.063000	164.392000	159.384000	142.539000	136.089000	136.474000	139.485000	140.344000	147.722000	-9999.000000	-9999.000000	-9999.000000	-9999.000000	-9999.000000	-9999.000000	-9999.000000	-9999.000000	-9999.000000	-9999.000000
-9999.000000	-9999.000000	-9999.000000	-9999.000000	-9999.000000	172.448000	160.285000	159.745000	164.101000	172.033000	180.346000	184.241000	185.348000	-9999.000000	-9999.000000	-9999.000000	-9999.000000	153.178000	-9999.000000	-9999.000000	-9999.000000	-9999.000000	-9999.000000	-9999.000000	-9999.000000	-9999.000000	-9999.000000	-9999.000000	-9999.000000
-9999.000000	-9999.000000	-9999.000000	-9999.000000	184.134000	180.834000	185.055000	189.651000	193.019000	198.380000	205.991000	211.319000	-9999.000000	-9999.000000	-9999.000000	-9999.000000	-9999.000000	-9999.000000	-9999.000000	-9999.000000	-9999.000000	-9999.000000	-9999.000000	-9999.000000	-9999.000000	-9999.000000	-9999.000000	-9999.000000	-9999.000000
-9999.000000	-9999.000000	-9999.000000	-9999.000000	-9999.000000	197.622000	201.013000	215.700000	-9999.000000	-9999.000000	-9999.000000	-9999.000000	-9999.000000	-9999.000000	-9999.000000	-9999.000000	-9999.000000	-9999.000000	-9999.000000	-9999.000000	-9999.000000	-9999.000000	-9999.000000	-9999.000000	-9999.000000	-9999.000000	-9999.000000	-9999.000000	-9999.000000
