AMSdata_code/data/figure10/2007_8_sum.txt
ncols         29
nrows         21
xllcorner     119.050298
yllcorner     30.119212
cellsize      0.1
NODATA_value  -9999
-9999.000000	-9999.000000	-9999.000000	124.530000	122.587000	119.063000	117.764000	-9999.000000	-9999.000000	-9999.000000	-9999.000000	-9999.000000	-9999.000000	-9999.000000	-9999.000000	-9999.000000	-9999.000000	-9999.000000	-9999.000000	-9999.000000	-9999.000000	-9999.000000	-9999.000000	-9999.000000	-9999.000000	-9999.000000	-9999.000000	-9999.000000	-9999.000000
-9999.000000	-9999.000000	109.368000	108.291000	98.323000	101.632000	106.941000	106.962000	-9999.000000	-9999.000000	-9999.000000	-9999.000000	-9999.000000	-9999.000000	-9999.000000	-9999.000000	-9999.000000	-9999.000000	-9999.000000	-9999.000000	-9999.000000	-9999.000000	-9999.000000	-9999.000000	-9999.000000	-9999.000000	-9999.000000	-9999.000000	-9999.000000
-9999.000000	-9999.000000	94.279000	98.793000	93.666000	101.380000	106.178000	114.537000	118.797000	-9999.000000	-9999.000000	-9999.000000	-9999.000000	-9999.000000	172.067000	166.602000	165.968000	-9999.000000	-9999.000000	-9999.000000	-9999.000000	-9999.000000	-9999.000000	-9999.000000	-9999.000000	-9999.000000	-9999.000000	-9999.000000	-9999.000000
-9999.000000	-9999.000000	92.256000	99.915000	104.594000	98.093000	108.339000	127.278000	133.370000	138.056000	135.746000	140.253000	147.004000	160.680000	164.789000	155.376000	156.781000	180.988000	-9999.000000	-9999.000000	-9999.000000	-9999.000000	-9999.000000	-9999.000000	-9999.000000	-9999.000000	-9999.000000	-9999.000000	-9999.000000
-9999.000000	-9999.000000	93.349000	96.840000	103.023000	99.134000	98.215000	110.310000	124.339000	138.169000	137.028000	142.691000	141.370000	149.798000	154.316000	145.750000	152.272000	167.912000	-9999.000000	-9999.000000	-9999.000000	-9999.000000	-9999.000000	-9999.000000	-9999.000000	-9999.000000	-9999.000000	-9999.000000	-9999.000000
-9999.000000	-9999.000000	-9999.000000	106.201000	107.238000	98.296000	102.271000	103.217000	111.246000	128.193000	120.802000	129.841000	132.606000	135.614000	145.841000	148.748000	164.851000	178.430000	195.112000	212.104000	200.076000	-9999.000000	-9999.000000	-9999.000000	-9999.000000	-9999.000000	-9999.000000	-9999.000000	-9999.000000
-9999.000000	-9999.000000	118.050000	114.198000	109.496000	106.784000	109.130000	107.953000	114.023000	121.215000	127.447000	129.458000	134.076000	137.792000	140.415000	141.014000	152.808000	169.632000	179.222000	195.796000	189.764000	204.208000	-9999.000000	-9999.000000	-9999.000000	-9999.000000	-9999.000000	-9999.000000	-9999.000000
-9999.000000	116.215000	120.382000	115.996000	114.672000	109.728000	108.629000	109.474000	110.814000	117.699000	122.085000	122.614000	125.136000	133.513000	156.233000	150.597000	151.272000	164.358000	178.208000	198.219000	200.584000	203.428000	212.128000	-9999.000000	-9999.000000	-9999.000000	-9999.000000	-9999.000000	-9999.000000
107.016000	115.762000	119.209000	116.399000	120.766000	114.937000	114.674000	114.268000	112.383000	111.107000	115.907000	124.092000	126.411000	123.695000	139.347000	133.564000	141.607000	154.771000	175.479000	193.743000	191.906000	196.726000	202.756000	209.582000	197.817000	-9999.000000	-9999.000000	-9999.000000	-9999.000000
-9999.000000	108.011000	112.816000	115.272000	117.310000	122.219000	122.010000	125.660000	120.239000	109.587000	112.513000	115.391000	114.344000	110.827000	114.416000	112.782000	131.703000	147.019000	160.054000	176.572000	175.823000	187.964000	193.274000	203.802000	179.757000	179.164000	-9999.000000	-9999.000000	-9999.000000
-9999.000000	-9999.000000	-9999.000000	112.052000	112.991000	114.943000	120.868000	124.038000	115.224000	105.887000	106.557000	112.554000	105.688000	101.691000	98.767000	115.601000	129.247000	135.953000	148.405000	156.415000	157.479000	175.505000	190.274000	185.652000	175.041000	173.150000	165.688000	-9999.000000	-9999.000000
-9999.000000	-9999.000000	-9999.000000	-9999.000000	-9999.000000	-9999.000000	110.586000	114.175000	111.223000	98.708000	95.028000	100.722000	101.811000	93.619000	95.977000	105.875000	118.810000	123.683000	130.456000	147.827000	152.780000	169.852000	174.636000	181.489000	167.664000	168.489000	159.181000	163.734000	-9999.000000
-9999.000000	-9999.000000	-9999.000000	-9999.000000	-9999.000000	94.942000	91.078000	96.601000	94.951000	84.669000	83.778000	85.687000	82.980000	82.948000	76.658000	85.432000	92.189000	98.029000	115.805000	139.921000	145.825000	151.712000	154.307000	163.483000	154.433000	156.013000	149.128000	147.771000	-9999.000000
-9999.000000	-9999.000000	-9999.000000	-9999.000000	-9999.000000	99.194000	93.737000	97.924000	97.502000	92.409000	92.202000	87.348000	86.188000	79.200000	87.336000	94.420000	101.541000	107.271000	121.203000	142.398000	144.690000	147.488000	153.218000	157.887000	152.777000	158.220000	153.848000	153.569000	-9999.000000
-9999.000000	-9999.000000	-9999.000000	-9999.000000	105.208000	100.146000	97.313000	100.696000	100.201000	97.502000	95.806000	88.178000	85.172000	86.355000	94.428000	106.742000	119.180000	122.955000	127.188000	131.281000	141.291000	144.655000	146.058000	-9999.000000	-9999.000000	-9999.000000	-9999.000000	-9999.000000	-9999.000000
-9999.000000	-9999.000000	-9999.000000	119.698000	110.352000	107.600000	97.427000	102.387000	97.438000	94.188000	95.441000	82.870000	83.229000	91.379000	101.469000	118.704000	121.156000	126.740000	130.699000	145.034000	143.395000	-9999.000000	-9999.000000	-9999.000000	-9999.000000	-9999.000000	-9999.000000	-9999.000000	-9999.000000
-9999.000000	-9999.000000	131.004000	126.497000	118.341000	116.564000	113.980000	114.697000	102.192000	104.144000	102.181000	96.865000	93.656000	98.979000	117.151000	124.382000	130.642000	134.136000	135.926000	-9999.000000	-9999.000000	-9999.000000	-9999.000000	-9999.000000	-9999.000000	-9999.000000	-9999.000000	-9999.000000	-9999.000000
-9999.000000	-9999.000000	-9999.000000	134.900000	127.067000	125.123000	116.961000	114.817000	106.823000	94.697000	91.358000	90.793000	88.888000	93.301000	117.672000	120.059000	127.349000	130.071000	131.297000	-9999.000000	-9999.000000	-9999.000000	-9999.000000	-9999.000000	-9999.000000	-9999.000000	-9999.000000	-9999.000000	-9999.000000
-9999.000000	-9999.000000	-9999.000000	-9999.000000	-9999.000000	129.791000	122.984000	128.589000	119.906000	98.556000	92.649000	91.885000	91.900000	-9999.000000	-9999.000000	-9999.000000	-9999.000000	137.263000	-9999.000000	-9999.000000	-9999.000000	-9999.000000	-9999.000000	-9999.000000	-9999.000000	-9999.000000	-9999.000000	-9999.000000	-9999.000000
-9999.000000	-9999.000000	-9999.000000	-9999.000000	147.385000	138.687000	124.852000	127.235000	123.325000	100.335000	88.929000	89.133000	-9999.000000	-9999.000000	-9999.000000	-9999.000000	-9999.000000	-9999.000000	-9999.000000	-9999.000000	-9999.000000	-9999.000000	-9999.000000	-9999.000000	-9999.000000	-9999.000000	-9999.000000	-9999.000000	-9999.000000
-9999.000000	-9999.000000	-9999.000000	-9999.000000	-9999.000000	148.507000	129.012000	126.985000	-9999.000000	-9999.000000	-9999.000000	-9999.000000	-9999.000000	-9999.000000	-9999.000000	-9999.000000	-9999.000000	-9999.000000	-9999.000000	-9999.000000	-9999.000000	-9999.000000	-9999.000000	-9999.000000	-9999.000000	-9999.000000	-9999.000000	-9999.000000	-9999.000000
