AMSdata_code/data/figure10/2011_9_sum.txt
ncols         29
nrows         21
xllcorner     119.050298
yllcorner     30.119212
cellsize      0.1
NODATA_value  -9999
-9999.000000	-9999.000000	-9999.000000	16.461000	15.849000	15.346000	14.696000	-9999.000000	-9999.000000	-9999.000000	-9999.000000	-9999.000000	-9999.000000	-9999.000000	-9999.000000	-9999.000000	-9999.000000	-9999.000000	-9999.000000	-9999.000000	-9999.000000	-9999.000000	-9999.000000	-9999.000000	-9999.000000	-9999.000000	-9999.000000	-9999.000000	-9999.000000
-9999.000000	-9999.000000	16.512000	16.181000	15.189000	14.926000	16.981000	16.995000	-9999.000000	-9999.000000	-9999.000000	-9999.000000	-9999.000000	-9999.000000	-9999.000000	-9999.000000	-9999.000000	-9999.000000	-9999.000000	-9999.000000	-9999.000000	-9999.000000	-9999.000000	-9999.000000	-9999.000000	-9999.000000	-9999.000000	-9999.000000	-9999.000000
-9999.000000	-9999.000000	17.120000	19.334000	16.871000	16.935000	18.311000	17.222000	17.446000	-9999.000000	-9999.000000	-9999.000000	-9999.000000	-9999.000000	28.835000	27.317000	24.794000	-9999.000000	-9999.000000	-9999.000000	-9999.000000	-9999.000000	-9999.000000	-9999.000000	-9999.000000	-9999.000000	-9999.000000	-9999.000000	-9999.000000
-9999.000000	-9999.000000	19.599000	20.334000	18.840000	19.584000	19.406000	18.189000	17.983000	17.019000	17.767000	19.331000	28.854000	29.291000	27.545000	25.800000	23.104000	20.398000	-9999.000000	-9999.000000	-9999.000000	-9999.000000	-9999.000000	-9999.000000	-9999.000000	-9999.000000	-9999.000000	-9999.000000	-9999.000000
-9999.000000	-9999.000000	23.912000	24.138000	23.068000	22.852000	21.894000	20.107000	20.004000	24.362000	19.349000	28.129000	28.547000	25.966000	27.645000	26.401000	22.536000	21.465000	-9999.000000	-9999.000000	-9999.000000	-9999.000000	-9999.000000	-9999.000000	-9999.000000	-9999.000000	-9999.000000	-9999.000000	-9999.000000
-9999.000000	-9999.000000	-9999.000000	25.123000	24.745000	23.639000	22.953000	21.200000	21.050000	19.167000	19.901000	25.442000	26.104000	24.251000	25.074000	23.274000	20.945000	15.238000	15.249000	16.190000	16.977000	-9999.000000	-9999.000000	-9999.000000	-9999.000000	-9999.000000	-9999.000000	-9999.000000	-9999.000000
-9999.000000	-9999.000000	28.650000	28.104000	25.778000	27.166000	25.553000	23.879000	22.590000	19.153000	17.625000	24.768000	25.318000	24.791000	21.397000	12.846000	14.185000	14.717000	14.626000	15.814000	17.215000	19.053000	-9999.000000	-9999.000000	-9999.000000	-9999.000000	-9999.000000	-9999.000000	-9999.000000
-9999.000000	34.914000	34.490000	33.901000	30.702000	29.997000	29.348000	28.049000	26.358000	23.368000	21.494000	26.139000	25.660000	24.366000	16.236000	15.649000	16.006000	17.653000	17.501000	21.057000	21.999000	23.123000	25.220000	-9999.000000	-9999.000000	-9999.000000	-9999.000000	-9999.000000	-9999.000000
35.891000	35.307000	33.785000	34.286000	30.231000	30.111000	31.384000	31.890000	28.327000	29.696000	25.126000	25.519000	22.977000	21.957000	15.407000	15.984000	17.945000	18.264000	19.500000	22.649000	21.736000	23.116000	24.241000	24.107000	30.820000	-9999.000000	-9999.000000	-9999.000000	-9999.000000
-9999.000000	32.912000	33.552000	34.126000	28.700000	32.446000	43.007000	34.851000	35.404000	34.302000	30.924000	30.818000	25.592000	21.098000	20.868000	18.963000	20.933000	22.338000	22.151000	29.022000	23.436000	26.538000	27.785000	28.323000	29.763000	33.548000	-9999.000000	-9999.000000	-9999.000000
-9999.000000	-9999.000000	-9999.000000	36.657000	41.622000	45.627000	47.145000	34.141000	30.714000	29.774000	26.981000	23.660000	19.847000	17.417000	18.609000	20.152000	21.385000	25.594000	34.078000	36.555000	27.240000	31.427000	32.050000	32.004000	33.632000	37.070000	43.955000	-9999.000000	-9999.000000
-9999.000000	-9999.000000	-9999.000000	-9999.000000	-9999.000000	-9999.000000	50.871000	59.952000	33.237000	29.386000	27.104000	23.712000	20.991000	15.455000	21.075000	25.811000	26.752000	31.574000	39.888000	40.313000	36.784000	32.943000	33.282000	33.831000	35.680000	39.790000	46.307000	48.630000	-9999.000000
-9999.000000	-9999.000000	-9999.000000	-9999.000000	-9999.000000	49.871000	47.127000	55.546000	51.580000	31.540000	26.785000	27.731000	26.546000	23.310000	26.300000	27.350000	38.873000	42.776000	43.463000	56.080000	51.234000	42.973000	44.165000	45.812000	38.729000	43.169000	46.725000	51.310000	-9999.000000
-9999.000000	-9999.000000	-9999.000000	-9999.000000	-9999.000000	60.064000	60.420000	57.072000	52.528000	46.453000	39.859000	35.987000	31.714000	30.820000	33.221000	34.609000	45.594000	42.641000	37.029000	52.041000	51.118000	48.646000	50.327000	49.231000	45.095000	48.809000	52.263000	55.660000	-9999.000000
-9999.000000	-9999.000000	-9999.000000	-9999.000000	65.915000	66.948000	71.212000	71.246000	76.683000	64.388000	48.784000	37.632000	37.505000	36.967000	37.573000	41.344000	54.663000	51.859000	50.809000	52.008000	52.603000	42.809000	44.176000	-9999.000000	-9999.000000	-9999.000000	-9999.000000	-9999.000000	-9999.000000
-9999.000000	-9999.000000	-9999.000000	74.367000	71.676000	76.817000	92.370000	97.847000	92.904000	74.187000	66.912000	42.606000	41.680000	42.342000	42.317000	43.434000	48.399000	48.423000	49.067000	53.904000	53.566000	-9999.000000	-9999.000000	-9999.000000	-9999.000000	-9999.000000	-9999.000000	-9999.000000	-9999.000000
-9999.000000	-9999.000000	80.897000	83.598000	84.313000	85.771000	103.794000	110.994000	108.257000	98.217000	89.424000	71.371000	65.853000	48.278000	44.632000	45.269000	50.469000	49.584000	50.706000	-9999.000000	-9999.000000	-9999.000000	-9999.000000	-9999.000000	-9999.000000	-9999.000000	-9999.000000	-9999.000000	-9999.000000
-9999.000000	-9999.000000	-9999.000000	106.940000	106.362000	106.553000	126.467000	131.772000	127.974000	112.220000	102.110000	70.070000	60.461000	60.484000	54.948000	51.107000	55.250000	54.987000	52.976000	-9999.000000	-9999.000000	-9999.000000	-9999.000000	-9999.000000	-9999.000000	-9999.000000	-9999.000000	-9999.000000	-9999.000000
-9999.000000	-9999.000000	-9999.000000	-9999.000000	-9999.000000	106.032000	127.205000	133.646000	134.979000	115.982000	107.940000	70.112000	66.909000	-9999.000000	-9999.000000	-9999.000000	-9999.000000	63.642000	-9999.000000	-9999.000000	-9999.000000	-9999.000000	-9999.000000	-9999.000000	-9999.000000	-9999.000000	-9999.000000	-9999.000000	-9999.000000
-9999.000000	-9999.000000	-9999.000000	-9999.000000	107.758000	109.189000	110.212000	126.170000	122.791000	124.874000	84.174000	67.494000	-9999.000000	-9999.000000	-9999.000000	-9999.000000	-9999.000000	-9999.000000	-9999.000000	-9999.000000	-9999.000000	-9999.000000	-9999.000000	-9999.000000	-9999.000000	-9999.000000	-9999.000000	-9999.000000	-9999.000000
-9999.000000	-9999.000000	-9999.000000	-9999.000000	-9999.000000	119.941000	114.390000	105.118000	-9999.000000	-9999.000000	-9999.000000	-9999.000000	-9999.000000	-9999.000000	-9999.000000	-9999.000000	-9999.000000	-9999.000000	-9999.000000	-9999.000000	-9999.000000	-9999.000000	-9999.000000	-9999.000000	-9999.000000	-9999.000000	-9999.000000	-9999.000000	-9999.000000
