AMSdata_code/data/figure10/2011_7_sum.txt
ncols         29
nrows         21
xllcorner     119.050298
yllcorner     30.119212
cellsize      0.1
NODATA_value  -9999
-9999.000000	-9999.000000	-9999.000000	307.508000	306.589000	314.784000	305.224000	-9999.000000	-9999.000000	-9999.000000	-9999.000000	-9999.000000	-9999.000000	-9999.000000	-9999.000000	-9999.000000	-9999.000000	-9999.000000	-9999.000000	-9999.000000	-9999.000000	-9999.000000	-9999.000000	-9999.000000	-9999.000000	-9999.000000	-9999.000000	-9999.000000	-9999.000000
-9999.000000	-9999.000000	296.457000	301.361000	292.338000	302.033000	302.336000	310.992000	-9999.000000	-9999.000000	-9999.000000	-9999.000000	-9999.000000	-9999.000000	-9999.000000	-9999.000000	-9999.000000	-9999.000000	-9999.000000	-9999.000000	-9999.000000	-9999.000000	-9999.000000	-9999.000000	-9999.000000	-9999.000000	-9999.000000	-9999.000000	-9999.000000
-9999.000000	-9999.000000	238.547000	234.755000	239.065000	235.939000	254.606000	250.020000	258.548000	-9999.000000	-9999.000000	-9999.000000	-9999.000000	-9999.000000	352.464000	287.130000	267.722000	-9999.000000	-9999.000000	-9999.000000	-9999.000000	-9999.000000	-9999.000000	-9999.000000	-9999.000000	-9999.000000	-9999.000000	-9999.000000	-9999.000000
-9999.000000	-9999.000000	232.248000	236.119000	242.074000	247.494000	259.401000	266.093000	269.445000	257.829000	262.904000	332.569000	375.278000	361.582000	318.959000	252.558000	234.489000	208.471000	-9999.000000	-9999.000000	-9999.000000	-9999.000000	-9999.000000	-9999.000000	-9999.000000	-9999.000000	-9999.000000	-9999.000000	-9999.000000
-9999.000000	-9999.000000	227.920000	236.553000	251.367000	251.274000	259.632000	263.007000	264.586000	253.359000	257.252000	281.605000	312.757000	299.894000	256.278000	217.462000	194.876000	180.230000	-9999.000000	-9999.000000	-9999.000000	-9999.000000	-9999.000000	-9999.000000	-9999.000000	-9999.000000	-9999.000000	-9999.000000	-9999.000000
-9999.000000	-9999.000000	-9999.000000	227.111000	237.389000	257.296000	258.970000	261.117000	250.960000	234.389000	239.582000	280.564000	285.203000	264.937000	227.471000	213.449000	193.868000	179.727000	161.011000	118.102000	110.819000	-9999.000000	-9999.000000	-9999.000000	-9999.000000	-9999.000000	-9999.000000	-9999.000000	-9999.000000
-9999.000000	-9999.000000	214.812000	226.823000	234.860000	257.716000	257.466000	239.513000	226.032000	217.237000	220.023000	225.666000	245.283000	245.138000	220.851000	202.744000	189.686000	180.390000	146.246000	116.084000	115.001000	111.317000	-9999.000000	-9999.000000	-9999.000000	-9999.000000	-9999.000000	-9999.000000	-9999.000000
-9999.000000	200.751000	206.490000	220.083000	228.611000	245.123000	250.734000	222.900000	205.857000	181.998000	175.055000	165.629000	171.042000	177.907000	170.885000	162.239000	154.369000	141.001000	140.385000	123.398000	110.517000	105.673000	105.741000	-9999.000000	-9999.000000	-9999.000000	-9999.000000	-9999.000000	-9999.000000
200.271000	206.271000	214.126000	224.351000	231.559000	246.856000	248.199000	244.305000	235.977000	186.303000	184.970000	185.865000	179.866000	168.334000	161.970000	146.641000	142.603000	139.620000	143.826000	121.869000	113.868000	102.144000	103.078000	103.785000	92.295000	-9999.000000	-9999.000000	-9999.000000	-9999.000000
-9999.000000	211.911000	214.177000	221.260000	224.444000	237.523000	235.792000	239.825000	238.175000	201.640000	191.899000	187.377000	173.668000	167.807000	158.135000	159.316000	145.700000	147.860000	139.581000	111.867000	102.341000	93.690000	88.510000	88.887000	77.647000	74.403000	-9999.000000	-9999.000000	-9999.000000
-9999.000000	-9999.000000	-9999.000000	226.499000	234.807000	235.030000	239.114000	245.899000	228.412000	206.755000	196.450000	202.270000	199.161000	195.095000	170.371000	158.313000	145.963000	143.011000	130.346000	105.855000	99.900000	88.595000	86.142000	80.037000	70.240000	68.589000	61.362000	-9999.000000	-9999.000000
-9999.000000	-9999.000000	-9999.000000	-9999.000000	-9999.000000	-9999.000000	239.358000	234.101000	203.865000	203.499000	183.506000	202.198000	207.210000	177.188000	148.563000	152.467000	154.064000	143.957000	128.617000	105.367000	99.503000	86.620000	84.960000	84.041000	65.813000	64.053000	57.167000	53.677000	-9999.000000
-9999.000000	-9999.000000	-9999.000000	-9999.000000	-9999.000000	204.316000	202.393000	198.589000	185.655000	161.960000	144.606000	184.405000	200.792000	168.766000	153.678000	154.690000	140.267000	129.013000	113.584000	100.895000	94.682000	90.397000	90.070000	86.360000	62.445000	57.353000	50.254000	47.567000	-9999.000000
-9999.000000	-9999.000000	-9999.000000	-9999.000000	-9999.000000	206.217000	197.605000	190.151000	185.713000	167.028000	158.216000	202.424000	197.875000	190.177000	168.040000	160.552000	142.934000	128.200000	109.014000	91.223000	85.641000	85.867000	82.766000	81.700000	62.058000	55.748000	49.081000	47.441000	-9999.000000
-9999.000000	-9999.000000	-9999.000000	-9999.000000	218.741000	202.072000	194.532000	192.636000	180.589000	165.355000	158.561000	166.169000	161.910000	154.664000	141.955000	143.521000	133.883000	117.260000	102.478000	90.370000	86.468000	82.924000	75.089000	-9999.000000	-9999.000000	-9999.000000	-9999.000000	-9999.000000	-9999.000000
-9999.000000	-9999.000000	-9999.000000	238.889000	220.353000	204.400000	198.986000	191.541000	180.356000	170.671000	160.120000	159.846000	156.856000	153.665000	146.807000	130.848000	130.420000	121.394000	103.557000	95.049000	91.024000	-9999.000000	-9999.000000	-9999.000000	-9999.000000	-9999.000000	-9999.000000	-9999.000000	-9999.000000
-9999.000000	-9999.000000	259.328000	247.370000	227.623000	211.726000	209.451000	194.711000	187.404000	176.595000	165.519000	162.706000	143.013000	150.440000	135.717000	116.460000	120.797000	115.468000	105.970000	-9999.000000	-9999.000000	-9999.000000	-9999.000000	-9999.000000	-9999.000000	-9999.000000	-9999.000000	-9999.000000	-9999.000000
-9999.000000	-9999.000000	-9999.000000	258.540000	239.025000	224.414000	212.782000	187.695000	178.871000	171.787000	157.849000	149.483000	134.837000	131.288000	121.423000	119.120000	124.729000	128.886000	111.472000	-9999.000000	-9999.000000	-9999.000000	-9999.000000	-9999.000000	-9999.000000	-9999.000000	-9999.000000	-9999.000000	-9999.000000
-9999.000000	-9999.000000	-9999.000000	-9999.000000	-9999.000000	207.537000	192.402000	171.888000	177.458000	166.013000	159.266000	152.387000	138.475000	-9999.000000	-9999.000000	-9999.000000	-9999.000000	142.540000	-9999.000000	-9999.000000	-9999.000000	-9999.000000	-9999.000000	-9999.000000	-9999.000000	-9999.000000	-9999.000000	-9999.000000	-9999.000000
-9999.000000	-9999.000000	-9999.000000	-9999.000000	238.290000	207.206000	192.977000	168.042000	172.839000	170.662000	158.731000	154.757000	-9999.000000	-9999.000000	-9999.000000	-9999.000000	-9999.000000	-9999.000000	-9999.000000	-9999.000000	-9999.000000	-9999.000000	-9999.000000	-9999.000000	-9999.000000	-9999.000000	-9999.000000	-9999.000000	-9999.000000
-9999.000000	-9999.000000	-9999.000000	-9999.000000	-9999.000000	214.651000	192.123000	175.479000	-9999.000000	-9999.000000	-9999.000000	-9999.000000	-9999.000000	-9999.000000	-9999.000000	-9999.000000	-9999.000000	-9999.000000	-9999.000000	-9999.000000	-9999.000000	-9999.000000	-9999.000000	-9999.000000	-9999.000000	-9999.000000	-9999.000000	-9999.000000	-9999.000000
