AMSdata_code/data/figure10/2012_6_sum.txt
ncols         29
nrows         21
xllcorner     119.050298
yllcorner     30.119212
cellsize      0.1
NODATA_value  -9999
-9999.000000	-9999.000000	-9999.000000	22.679000	25.283000	24.893000	25.830000	-9999.000000	-9999.000000	-9999.000000	-9999.000000	-9999.000000	-9999.000000	-9999.000000	-9999.000000	-9999.000000	-9999.000000	-9999.000000	-9999.000000	-9999.000000	-9999.000000	-9999.000000	-9999.000000	-9999.000000	-9999.000000	-9999.000000	-9999.000000	-9999.000000	-9999.000000
-9999.000000	-9999.000000	26.814000	26.969000	30.545000	32.795000	34.310000	30.436000	-9999.000000	-9999.000000	-9999.000000	-9999.000000	-9999.000000	-9999.000000	-9999.000000	-9999.000000	-9999.000000	-9999.000000	-9999.000000	-9999.000000	-9999.000000	-9999.000000	-9999.000000	-9999.000000	-9999.000000	-9999.000000	-9999.000000	-9999.000000	-9999.000000
-9999.000000	-9999.000000	37.095000	36.493000	37.642000	41.365000	39.601000	37.067000	38.263000	-9999.000000	-9999.000000	-9999.000000	-9999.000000	-9999.000000	71.037000	64.984000	63.972000	-9999.000000	-9999.000000	-9999.000000	-9999.000000	-9999.000000	-9999.000000	-9999.000000	-9999.000000	-9999.000000	-9999.000000	-9999.000000	-9999.000000
-9999.000000	-9999.000000	43.702000	43.210000	44.615000	44.960000	75.279000	41.962000	43.228000	48.933000	63.193000	72.437000	69.226000	68.814000	78.220000	73.744000	68.289000	63.869000	-9999.000000	-9999.000000	-9999.000000	-9999.000000	-9999.000000	-9999.000000	-9999.000000	-9999.000000	-9999.000000	-9999.000000	-9999.000000
-9999.000000	-9999.000000	50.101000	49.767000	70.351000	87.736000	73.214000	63.986000	70.185000	90.712000	89.216000	88.168000	84.794000	84.166000	74.455000	71.200000	68.931000	68.683000	-9999.000000	-9999.000000	-9999.000000	-9999.000000	-9999.000000	-9999.000000	-9999.000000	-9999.000000	-9999.000000	-9999.000000	-9999.000000
-9999.000000	-9999.000000	-9999.000000	79.287000	73.751000	72.844000	58.310000	36.055000	41.876000	73.329000	73.541000	76.064000	77.169000	76.629000	71.168000	69.221000	69.362000	68.560000	68.393000	73.294000	73.406000	-9999.000000	-9999.000000	-9999.000000	-9999.000000	-9999.000000	-9999.000000	-9999.000000	-9999.000000
-9999.000000	-9999.000000	76.489000	76.924000	71.488000	68.326000	59.776000	50.446000	54.496000	65.394000	71.159000	69.682000	73.072000	74.692000	79.689000	63.278000	59.541000	64.711000	71.138000	83.043000	76.426000	82.999000	-9999.000000	-9999.000000	-9999.000000	-9999.000000	-9999.000000	-9999.000000	-9999.000000
-9999.000000	83.008000	81.608000	73.074000	65.382000	65.928000	70.299000	72.202000	67.760000	79.360000	78.379000	81.103000	93.760000	85.052000	85.474000	85.880000	87.866000	93.561000	96.379000	106.588000	104.415000	106.160000	98.963000	-9999.000000	-9999.000000	-9999.000000	-9999.000000	-9999.000000	-9999.000000
90.625000	80.653000	76.060000	69.821000	69.788000	70.153000	70.306000	81.529000	82.351000	75.771000	70.015000	81.832000	101.128000	102.591000	104.250000	103.574000	107.795000	110.250000	108.668000	122.071000	115.708000	119.131000	108.860000	105.077000	134.389000	-9999.000000	-9999.000000	-9999.000000	-9999.000000
-9999.000000	87.223000	91.009000	90.735000	89.289000	90.478000	90.266000	93.260000	98.354000	83.260000	84.816000	97.619000	118.421000	119.440000	119.788000	124.028000	127.947000	128.227000	129.159000	131.164000	127.823000	123.966000	129.806000	143.834000	166.316000	182.922000	-9999.000000	-9999.000000	-9999.000000
-9999.000000	-9999.000000	-9999.000000	95.092000	93.961000	93.511000	94.260000	98.483000	102.571000	105.373000	103.701000	127.607000	125.420000	128.320000	130.535000	137.047000	144.285000	144.209000	138.383000	138.509000	140.606000	153.396000	162.218000	174.700000	196.989000	216.613000	230.693000	-9999.000000	-9999.000000
-9999.000000	-9999.000000	-9999.000000	-9999.000000	-9999.000000	-9999.000000	97.243000	101.437000	107.879000	113.973000	124.002000	137.597000	137.351000	137.601000	150.488000	157.968000	164.937000	162.131000	153.258000	169.897000	177.514000	187.035000	202.089000	217.839000	244.986000	263.262000	279.299000	297.609000	-9999.000000
-9999.000000	-9999.000000	-9999.000000	-9999.000000	-9999.000000	137.311000	141.116000	143.025000	151.891000	171.653000	174.180000	171.962000	163.560000	158.995000	165.505000	182.668000	178.231000	183.686000	179.533000	186.556000	209.924000	226.441000	239.574000	253.907000	292.988000	309.294000	327.908000	345.251000	-9999.000000
-9999.000000	-9999.000000	-9999.000000	-9999.000000	-9999.000000	162.623000	164.332000	174.833000	175.361000	195.378000	198.091000	202.114000	185.589000	184.482000	184.636000	194.069000	200.260000	204.136000	222.971000	233.418000	243.721000	259.266000	278.061000	293.823000	332.553000	348.947000	366.915000	386.402000	-9999.000000
-9999.000000	-9999.000000	-9999.000000	-9999.000000	176.382000	176.323000	195.278000	203.238000	207.798000	222.577000	225.406000	221.757000	202.992000	197.683000	196.891000	205.151000	235.667000	239.951000	257.083000	262.405000	275.250000	299.788000	321.302000	-9999.000000	-9999.000000	-9999.000000	-9999.000000	-9999.000000	-9999.000000
-9999.000000	-9999.000000	-9999.000000	183.883000	202.947000	207.431000	211.851000	222.350000	220.648000	234.704000	239.540000	239.206000	228.751000	219.721000	244.439000	248.410000	257.978000	262.061000	278.757000	283.700000	299.508000	-9999.000000	-9999.000000	-9999.000000	-9999.000000	-9999.000000	-9999.000000	-9999.000000	-9999.000000
-9999.000000	-9999.000000	202.567000	204.733000	227.207000	227.689000	235.352000	240.299000	241.962000	253.763000	256.275000	258.471000	249.220000	275.183000	287.327000	301.101000	307.188000	297.757000	308.124000	-9999.000000	-9999.000000	-9999.000000	-9999.000000	-9999.000000	-9999.000000	-9999.000000	-9999.000000	-9999.000000	-9999.000000
-9999.000000	-9999.000000	-9999.000000	245.896000	271.454000	265.757000	274.492000	278.911000	284.196000	291.581000	292.480000	309.843000	316.448000	328.186000	339.332000	351.323000	356.712000	340.302000	358.496000	-9999.000000	-9999.000000	-9999.000000	-9999.000000	-9999.000000	-9999.000000	-9999.000000	-9999.000000	-9999.000000	-9999.000000
-9999.000000	-9999.000000	-9999.000000	-9999.000000	-9999.000000	290.261000	304.469000	313.634000	318.896000	320.887000	328.543000	334.717000	335.655000	-9999.000000	-9999.000000	-9999.000000	-9999.000000	387.998000	-9999.000000	-9999.000000	-9999.000000	-9999.000000	-9999.000000	-9999.000000	-9999.000000	-9999.000000	-9999.000000	-9999.000000	-9999.000000
-9999.000000	-9999.000000	-9999.000000	-9999.000000	292.940000	297.614000	335.164000	346.667000	357.214000	350.135000	357.744000	371.950000	-9999.000000	-9999.000000	-9999.000000	-9999.000000	-9999.000000	-9999.000000	-9999.000000	-9999.000000	-9999.000000	-9999.000000	-9999.000000	-9999.000000	-9999.000000	-9999.000000	-9999.000000	-9999.000000	-9999.000000
-9999.000000	-9999.000000	-9999.000000	-9999.000000	-9999.000000	354.088000	362.493000	377.753000	-9999.000000	-9999.000000	-9999.000000	-9999.000000	-9999.000000	-9999.000000	-9999.000000	-9999.000000	-9999.000000	-9999.000000	-9999.000000	-9999.000000	-9999.000000	-9999.000000	-9999.000000	-9999.000000	-9999.000000	-9999.000000	-9999.000000	-9999.000000	-9999.000000
