AMSdata_code/data/figure10/2012_7_sum.txt
ncols         29
nrows         21
xllcorner     119.050298
yllcorner     30.119212
cellsize      0.1
NODATA_value  -9999
-9999.000000	-9999.000000	-9999.000000	275.909000	273.412000	274.962000	277.141000	-9999.000000	-9999.000000	-9999.000000	-9999.000000	-9999.000000	-9999.000000	-9999.000000	-9999.000000	-9999.000000	-9999.000000	-9999.000000	-9999.000000	-9999.000000	-9999.000000	-9999.000000	-9999.000000	-9999.000000	-9999.000000	-9999.000000	-9999.000000	-9999.000000	-9999.000000
-9999.000000	-9999.000000	237.399000	240.458000	243.045000	236.306000	243.533000	241.602000	-9999.000000	-9999.000000	-9999.000000	-9999.000000	-9999.000000	-9999.000000	-9999.000000	-9999.000000	-9999.000000	-9999.000000	-9999.000000	-9999.000000	-9999.000000	-9999.000000	-9999.000000	-9999.000000	-9999.000000	-9999.000000	-9999.000000	-9999.000000	-9999.000000
-9999.000000	-9999.000000	226.428000	224.664000	228.997000	219.578000	216.286000	219.804000	211.047000	-9999.000000	-9999.000000	-9999.000000	-9999.000000	-9999.000000	251.857000	253.320000	267.507000	-9999.000000	-9999.000000	-9999.000000	-9999.000000	-9999.000000	-9999.000000	-9999.000000	-9999.000000	-9999.000000	-9999.000000	-9999.000000	-9999.000000
-9999.000000	-9999.000000	214.795000	223.986000	227.368000	229.903000	217.726000	212.895000	214.279000	217.536000	216.077000	219.173000	223.441000	232.586000	228.381000	222.964000	220.992000	214.985000	-9999.000000	-9999.000000	-9999.000000	-9999.000000	-9999.000000	-9999.000000	-9999.000000	-9999.000000	-9999.000000	-9999.000000	-9999.000000
-9999.000000	-9999.000000	192.574000	207.405000	212.137000	224.499000	210.287000	219.813000	211.723000	213.803000	213.558000	217.104000	220.856000	216.425000	208.049000	200.053000	195.918000	191.251000	-9999.000000	-9999.000000	-9999.000000	-9999.000000	-9999.000000	-9999.000000	-9999.000000	-9999.000000	-9999.000000	-9999.000000	-9999.000000
-9999.000000	-9999.000000	-9999.000000	188.243000	203.520000	212.881000	201.299000	209.284000	203.547000	213.238000	200.935000	207.159000	201.094000	196.681000	184.534000	183.652000	184.694000	173.063000	161.606000	168.368000	163.526000	-9999.000000	-9999.000000	-9999.000000	-9999.000000	-9999.000000	-9999.000000	-9999.000000	-9999.000000
-9999.000000	-9999.000000	177.486000	180.881000	181.611000	191.038000	200.148000	203.790000	199.028000	202.586000	199.346000	196.859000	195.130000	176.079000	165.233000	156.825000	152.028000	156.646000	149.514000	156.392000	155.826000	148.718000	-9999.000000	-9999.000000	-9999.000000	-9999.000000	-9999.000000	-9999.000000	-9999.000000
-9999.000000	169.280000	160.087000	162.485000	156.451000	157.960000	160.191000	159.508000	168.443000	176.627000	167.469000	172.643000	157.091000	146.019000	129.590000	122.782000	126.766000	132.395000	139.642000	131.039000	126.656000	124.878000	125.278000	-9999.000000	-9999.000000	-9999.000000	-9999.000000	-9999.000000	-9999.000000
177.784000	170.048000	161.213000	154.636000	159.821000	158.335000	161.013000	155.614000	152.147000	151.369000	159.497000	156.061000	143.075000	139.771000	133.830000	130.643000	135.619000	141.706000	144.291000	135.643000	124.757000	124.476000	125.254000	126.656000	131.228000	-9999.000000	-9999.000000	-9999.000000	-9999.000000
-9999.000000	174.175000	166.557000	157.920000	165.252000	163.514000	160.222000	149.807000	150.233000	150.408000	141.236000	137.166000	124.209000	124.883000	138.756000	153.377000	161.146000	166.407000	157.287000	134.753000	121.559000	117.965000	119.706000	123.544000	129.770000	133.051000	-9999.000000	-9999.000000	-9999.000000
-9999.000000	-9999.000000	-9999.000000	156.160000	162.814000	158.780000	160.569000	148.936000	141.303000	148.111000	144.847000	140.501000	126.191000	125.852000	131.553000	139.972000	148.731000	148.003000	136.751000	118.685000	116.942000	115.932000	120.374000	122.720000	133.250000	139.113000	139.615000	-9999.000000	-9999.000000
-9999.000000	-9999.000000	-9999.000000	-9999.000000	-9999.000000	-9999.000000	146.219000	146.134000	148.747000	142.856000	144.968000	147.148000	127.736000	127.107000	142.724000	141.009000	142.880000	139.473000	128.256000	122.841000	116.738000	117.324000	121.312000	125.538000	140.373000	142.417000	141.049000	144.549000	-9999.000000
-9999.000000	-9999.000000	-9999.000000	-9999.000000	-9999.000000	140.862000	132.239000	136.091000	144.320000	133.549000	129.332000	162.547000	152.803000	144.728000	155.044000	152.484000	140.421000	127.214000	121.091000	116.704000	111.608000	112.687000	115.594000	123.184000	139.021000	139.811000	143.793000	147.241000	-9999.000000
-9999.000000	-9999.000000	-9999.000000	-9999.000000	-9999.000000	146.505000	132.414000	128.458000	124.906000	132.090000	146.010000	163.281000	167.853000	179.909000	158.335000	142.798000	126.253000	125.468000	122.504000	121.210000	118.836000	120.819000	125.111000	130.393000	145.372000	149.401000	164.375000	168.505000	-9999.000000
-9999.000000	-9999.000000	-9999.000000	-9999.000000	150.135000	147.230000	146.223000	146.198000	164.071000	159.110000	163.128000	193.813000	195.488000	209.605000	166.482000	136.781000	117.146000	107.456000	106.423000	103.264000	109.720000	120.785000	127.440000	-9999.000000	-9999.000000	-9999.000000	-9999.000000	-9999.000000	-9999.000000
-9999.000000	-9999.000000	-9999.000000	157.690000	156.475000	154.653000	151.427000	154.877000	158.783000	166.026000	156.282000	172.041000	163.557000	165.287000	154.802000	137.631000	110.170000	105.109000	100.736000	96.645000	98.743000	-9999.000000	-9999.000000	-9999.000000	-9999.000000	-9999.000000	-9999.000000	-9999.000000	-9999.000000
-9999.000000	-9999.000000	164.395000	161.868000	162.028000	153.949000	161.914000	171.323000	165.275000	160.769000	159.844000	172.809000	150.929000	148.122000	133.064000	127.182000	108.021000	102.723000	94.939000	-9999.000000	-9999.000000	-9999.000000	-9999.000000	-9999.000000	-9999.000000	-9999.000000	-9999.000000	-9999.000000	-9999.000000
-9999.000000	-9999.000000	-9999.000000	160.520000	172.462000	167.241000	165.075000	163.216000	163.058000	148.993000	147.669000	137.758000	134.414000	136.615000	124.194000	115.001000	113.384000	108.468000	98.956000	-9999.000000	-9999.000000	-9999.000000	-9999.000000	-9999.000000	-9999.000000	-9999.000000	-9999.000000	-9999.000000	-9999.000000
-9999.000000	-9999.000000	-9999.000000	-9999.000000	-9999.000000	150.037000	142.666000	144.594000	138.827000	137.137000	130.655000	128.349000	136.845000	-9999.000000	-9999.000000	-9999.000000	-9999.000000	114.172000	-9999.000000	-9999.000000	-9999.000000	-9999.000000	-9999.000000	-9999.000000	-9999.000000	-9999.000000	-9999.000000	-9999.000000	-9999.000000
-9999.000000	-9999.000000	-9999.000000	-9999.000000	140.018000	133.773000	121.582000	129.182000	131.020000	116.226000	117.404000	123.095000	-9999.000000	-9999.000000	-9999.000000	-9999.000000	-9999.000000	-9999.000000	-9999.000000	-9999.000000	-9999.000000	-9999.000000	-9999.000000	-9999.000000	-9999.000000	-9999.000000	-9999.000000	-9999.000000	-9999.000000
-9999.000000	-9999.000000	-9999.000000	-9999.000000	-9999.000000	129.737000	122.418000	131.954000	-9999.000000	-9999.000000	-9999.000000	-9999.000000	-9999.000000	-9999.000000	-9999.000000	-9999.000000	-9999.000000	-9999.000000	-9999.000000	-9999.000000	-9999.000000	-9999.000000	-9999.000000	-9999.000000	-9999.000000	-9999.000000	-9999.000000	-9999.000000	-9999.000000
