AMSdata_code/data/figure10/2013_7_sum.txt
ncols         29
nrows         21
xllcorner     119.050298
yllcorner     30.119212
cellsize      0.1
NODATA_value  -9999
-9999.000000	-9999.000000	-9999.000000	204.046000	178.606000	174.162000	163.343000	-9999.000000	-9999.000000	-9999.000000	-9999.000000	-9999.000000	-9999.000000	-9999.000000	-9999.000000	-9999.000000	-9999.000000	-9999.000000	-9999.000000	-9999.000000	-9999.000000	-9999.000000	-9999.000000	-9999.000000	-9999.000000	-9999.000000	-9999.000000	-9999.000000	-9999.000000
-9999.000000	-9999.000000	209.976000	197.044000	183.199000	176.338000	168.008000	164.012000	-9999.000000	-9999.000000	-9999.000000	-9999.000000	-9999.000000	-9999.000000	-9999.000000	-9999.000000	-9999.000000	-9999.000000	-9999.000000	-9999.000000	-9999.000000	-9999.000000	-9999.000000	-9999.000000	-9999.000000	-9999.000000	-9999.000000	-9999.000000	-9999.000000
-9999.000000	-9999.000000	199.656000	185.832000	174.618000	169.033000	164.339000	160.595000	158.571000	-9999.000000	-9999.000000	-9999.000000	-9999.000000	-9999.000000	122.644000	119.904000	123.966000	-9999.000000	-9999.000000	-9999.000000	-9999.000000	-9999.000000	-9999.000000	-9999.000000	-9999.000000	-9999.000000	-9999.000000	-9999.000000	-9999.000000
-9999.000000	-9999.000000	199.959000	186.613000	177.570000	168.389000	167.276000	161.886000	159.193000	140.161000	134.464000	139.984000	135.981000	136.304000	121.140000	116.322000	120.940000	129.591000	-9999.000000	-9999.000000	-9999.000000	-9999.000000	-9999.000000	-9999.000000	-9999.000000	-9999.000000	-9999.000000	-9999.000000	-9999.000000
-9999.000000	-9999.000000	203.790000	189.084000	179.193000	172.952000	168.887000	166.560000	160.843000	137.120000	129.279000	124.168000	121.491000	120.973000	106.420000	111.582000	108.902000	119.706000	-9999.000000	-9999.000000	-9999.000000	-9999.000000	-9999.000000	-9999.000000	-9999.000000	-9999.000000	-9999.000000	-9999.000000	-9999.000000
-9999.000000	-9999.000000	-9999.000000	192.763000	177.752000	178.391000	173.977000	165.653000	149.350000	135.856000	125.662000	126.236000	121.664000	114.847000	107.455000	107.341000	107.343000	112.611000	112.903000	128.731000	135.389000	-9999.000000	-9999.000000	-9999.000000	-9999.000000	-9999.000000	-9999.000000	-9999.000000	-9999.000000
-9999.000000	-9999.000000	203.361000	191.947000	179.051000	184.953000	176.690000	168.873000	151.290000	145.470000	138.057000	130.386000	120.999000	116.047000	106.327000	103.943000	103.543000	108.183000	118.443000	137.329000	133.130000	131.377000	-9999.000000	-9999.000000	-9999.000000	-9999.000000	-9999.000000	-9999.000000	-9999.000000
-9999.000000	194.903000	179.114000	172.364000	170.316000	167.059000	157.307000	152.340000	140.975000	145.446000	135.268000	123.217000	119.069000	109.736000	108.464000	112.335000	120.682000	124.306000	128.089000	133.952000	121.464000	129.936000	131.591000	-9999.000000	-9999.000000	-9999.000000	-9999.000000	-9999.000000	-9999.000000
209.182000	206.053000	180.041000	172.097000	172.283000	167.954000	164.749000	157.891000	140.041000	138.471000	124.330000	110.459000	107.696000	101.746000	108.743000	115.613000	122.683000	128.204000	136.314000	128.135000	114.322000	124.994000	124.475000	108.004000	97.026000	-9999.000000	-9999.000000	-9999.000000	-9999.000000
-9999.000000	203.002000	188.780000	178.438000	169.322000	165.407000	159.988000	152.448000	146.837000	128.613000	118.851000	113.026000	112.315000	119.747000	102.980000	107.568000	123.269000	126.513000	126.491000	122.848000	105.610000	106.426000	104.542000	102.142000	93.072000	84.094000	-9999.000000	-9999.000000	-9999.000000
-9999.000000	-9999.000000	-9999.000000	183.060000	170.489000	163.984000	156.708000	146.520000	137.183000	120.498000	112.210000	102.841000	100.536000	91.706000	88.769000	89.831000	101.392000	103.491000	101.106000	101.025000	87.976000	96.400000	93.700000	89.627000	77.803000	73.073000	60.854000	-9999.000000	-9999.000000
-9999.000000	-9999.000000	-9999.000000	-9999.000000	-9999.000000	-9999.000000	142.627000	135.774000	133.564000	109.281000	97.925000	85.728000	80.311000	72.572000	73.698000	81.561000	91.399000	91.376000	85.292000	87.554000	85.529000	87.687000	84.404000	79.828000	66.489000	59.141000	51.826000	46.294000	-9999.000000
-9999.000000	-9999.000000	-9999.000000	-9999.000000	-9999.000000	116.756000	113.409000	111.609000	103.534000	86.461000	77.048000	58.711000	46.807000	45.711000	54.552000	63.833000	67.708000	66.801000	61.522000	63.726000	62.270000	67.443000	62.646000	58.863000	49.358000	41.194000	32.348000	26.433000	-9999.000000
-9999.000000	-9999.000000	-9999.000000	-9999.000000	-9999.000000	108.774000	103.395000	97.208000	87.638000	67.206000	53.034000	48.413000	45.367000	46.094000	49.454000	52.241000	62.504000	57.071000	56.234000	57.533000	55.999000	55.053000	51.548000	47.775000	37.943000	32.271000	28.031000	25.295000	-9999.000000
-9999.000000	-9999.000000	-9999.000000	-9999.000000	120.861000	111.052000	98.663000	84.950000	75.245000	49.900000	43.563000	42.690000	41.030000	43.936000	46.019000	52.571000	53.222000	48.444000	47.366000	48.022000	45.979000	44.823000	43.323000	-9999.000000	-9999.000000	-9999.000000	-9999.000000	-9999.000000	-9999.000000
-9999.000000	-9999.000000	-9999.000000	127.505000	115.568000	105.867000	92.039000	82.647000	75.573000	52.022000	50.971000	50.215000	49.394000	46.389000	50.718000	51.258000	48.980000	43.273000	41.569000	43.621000	42.158000	-9999.000000	-9999.000000	-9999.000000	-9999.000000	-9999.000000	-9999.000000	-9999.000000	-9999.000000
-9999.000000	-9999.000000	123.935000	108.990000	103.395000	94.132000	85.524000	77.485000	74.447000	50.111000	54.263000	58.677000	58.047000	57.416000	53.976000	50.654000	41.592000	38.723000	37.141000	-9999.000000	-9999.000000	-9999.000000	-9999.000000	-9999.000000	-9999.000000	-9999.000000	-9999.000000	-9999.000000	-9999.000000
-9999.000000	-9999.000000	-9999.000000	98.393000	87.572000	80.482000	62.259000	62.297000	60.067000	46.925000	54.588000	61.874000	64.921000	62.262000	54.210000	43.035000	28.167000	27.811000	24.501000	-9999.000000	-9999.000000	-9999.000000	-9999.000000	-9999.000000	-9999.000000	-9999.000000	-9999.000000	-9999.000000	-9999.000000
-9999.000000	-9999.000000	-9999.000000	-9999.000000	-9999.000000	52.532000	49.544000	48.652000	49.474000	49.620000	57.953000	72.623000	75.790000	-9999.000000	-9999.000000	-9999.000000	-9999.000000	19.326000	-9999.000000	-9999.000000	-9999.000000	-9999.000000	-9999.000000	-9999.000000	-9999.000000	-9999.000000	-9999.000000	-9999.000000	-9999.000000
-9999.000000	-9999.000000	-9999.000000	-9999.000000	60.636000	38.467000	38.616000	38.772000	40.921000	52.187000	61.423000	77.432000	-9999.000000	-9999.000000	-9999.000000	-9999.000000	-9999.000000	-9999.000000	-9999.000000	-9999.000000	-9999.000000	-9999.000000	-9999.000000	-9999.000000	-9999.000000	-9999.000000	-9999.000000	-9999.000000	-9999.000000
-9999.000000	-9999.000000	-9999.000000	-9999.000000	-9999.000000	36.875000	34.219000	38.866000	-9999.000000	-9999.000000	-9999.000000	-9999.000000	-9999.000000	-9999.000000	-9999.000000	-9999.000000	-9999.000000	-9999.000000	-9999.000000	-9999.000000	-9999.000000	-9999.000000	-9999.000000	-9999.000000	-9999.000000	-9999.000000	-9999.000000	-9999.000000	-9999.000000
