AMSdata_code/data/figure10/2014_5_sum.txt
ncols         29
nrows         21
xllcorner     119.050298
yllcorner     30.119212
cellsize      0.1
NODATA_value  -9999
-9999.000000	-9999.000000	-9999.000000	61.510000	58.215000	59.462000	57.182000	-9999.000000	-9999.000000	-9999.000000	-9999.000000	-9999.000000	-9999.000000	-9999.000000	-9999.000000	-9999.000000	-9999.000000	-9999.000000	-9999.000000	-9999.000000	-9999.000000	-9999.000000	-9999.000000	-9999.000000	-9999.000000	-9999.000000	-9999.000000	-9999.000000	-9999.000000
-9999.000000	-9999.000000	55.844000	58.988000	59.462000	60.481000	59.108000	57.403000	-9999.000000	-9999.000000	-9999.000000	-9999.000000	-9999.000000	-9999.000000	-9999.000000	-9999.000000	-9999.000000	-9999.000000	-9999.000000	-9999.000000	-9999.000000	-9999.000000	-9999.000000	-9999.000000	-9999.000000	-9999.000000	-9999.000000	-9999.000000	-9999.000000
-9999.000000	-9999.000000	57.260000	60.530000	60.397000	60.215000	59.005000	57.382000	62.835000	-9999.000000	-9999.000000	-9999.000000	-9999.000000	-9999.000000	83.440000	86.246000	83.968000	-9999.000000	-9999.000000	-9999.000000	-9999.000000	-9999.000000	-9999.000000	-9999.000000	-9999.000000	-9999.000000	-9999.000000	-9999.000000	-9999.000000
-9999.000000	-9999.000000	59.739000	60.995000	63.716000	64.451000	65.416000	65.547000	68.793000	70.733000	74.321000	79.566000	81.071000	85.849000	85.929000	86.940000	84.087000	80.985000	-9999.000000	-9999.000000	-9999.000000	-9999.000000	-9999.000000	-9999.000000	-9999.000000	-9999.000000	-9999.000000	-9999.000000	-9999.000000
-9999.000000	-9999.000000	65.297000	69.445000	72.055000	72.278000	73.503000	73.030000	76.593000	81.737000	85.312000	87.178000	87.176000	89.661000	87.277000	86.797000	83.288000	83.224000	-9999.000000	-9999.000000	-9999.000000	-9999.000000	-9999.000000	-9999.000000	-9999.000000	-9999.000000	-9999.000000	-9999.000000	-9999.000000
-9999.000000	-9999.000000	-9999.000000	74.536000	79.635000	79.090000	79.029000	76.565000	80.003000	87.391000	90.167000	93.946000	93.656000	93.797000	89.993000	88.292000	84.812000	82.875000	80.867000	78.702000	78.235000	-9999.000000	-9999.000000	-9999.000000	-9999.000000	-9999.000000	-9999.000000	-9999.000000	-9999.000000
-9999.000000	-9999.000000	75.385000	79.750000	87.442000	85.141000	83.245000	82.342000	86.387000	91.831000	94.488000	96.470000	95.418000	93.607000	87.220000	85.228000	81.451000	80.502000	79.698000	77.077000	77.545000	72.248000	-9999.000000	-9999.000000	-9999.000000	-9999.000000	-9999.000000	-9999.000000	-9999.000000
-9999.000000	85.861000	89.386000	88.765000	95.620000	93.062000	91.789000	90.936000	92.235000	99.001000	100.489000	101.906000	97.530000	91.448000	83.361000	80.720000	75.464000	76.592000	75.231000	72.619000	71.702000	72.601000	77.214000	-9999.000000	-9999.000000	-9999.000000	-9999.000000	-9999.000000	-9999.000000
89.160000	95.588000	94.017000	93.115000	101.317000	100.619000	98.697000	99.591000	99.273000	104.913000	105.966000	102.631000	98.375000	93.000000	85.835000	82.184000	80.235000	80.217000	78.962000	75.299000	74.850000	73.292000	75.735000	78.386000	80.670000	-9999.000000	-9999.000000	-9999.000000	-9999.000000
-9999.000000	99.204000	99.807000	99.675000	104.694000	105.557000	106.030000	107.513000	103.908000	109.761000	108.903000	104.339000	98.958000	92.021000	85.444000	83.532000	82.162000	80.811000	76.662000	74.114000	72.923000	72.244000	73.837000	78.299000	81.755000	81.956000	-9999.000000	-9999.000000	-9999.000000
-9999.000000	-9999.000000	-9999.000000	105.721000	110.107000	109.424000	111.030000	110.162000	109.867000	113.622000	109.390000	104.810000	96.293000	89.331000	86.782000	86.784000	84.884000	85.604000	77.883000	74.548000	72.735000	72.244000	74.150000	75.798000	77.867000	79.102000	79.953000	-9999.000000	-9999.000000
-9999.000000	-9999.000000	-9999.000000	-9999.000000	-9999.000000	-9999.000000	109.780000	109.336000	111.876000	115.525000	111.192000	98.170000	94.522000	87.839000	85.029000	88.081000	89.170000	88.670000	81.207000	77.592000	75.266000	75.047000	74.643000	77.174000	77.337000	79.437000	80.390000	87.678000	-9999.000000
-9999.000000	-9999.000000	-9999.000000	-9999.000000	-9999.000000	125.785000	128.857000	129.791000	133.708000	130.071000	126.313000	117.455000	110.586000	108.665000	111.806000	116.328000	114.359000	111.854000	103.203000	102.139000	99.760000	97.005000	95.895000	94.551000	97.659000	99.247000	105.437000	109.182000	-9999.000000
-9999.000000	-9999.000000	-9999.000000	-9999.000000	-9999.000000	135.091000	132.894000	129.481000	131.958000	134.790000	129.891000	121.314000	111.430000	112.493000	113.335000	114.819000	114.880000	115.200000	110.785000	105.999000	103.444000	99.219000	98.714000	98.095000	100.170000	105.606000	112.781000	116.833000	-9999.000000
-9999.000000	-9999.000000	-9999.000000	-9999.000000	144.029000	141.516000	137.671000	135.645000	135.984000	130.629000	130.060000	123.325000	118.297000	115.344000	114.610000	115.254000	116.249000	113.250000	110.914000	109.675000	107.671000	104.264000	103.197000	-9999.000000	-9999.000000	-9999.000000	-9999.000000	-9999.000000	-9999.000000
-9999.000000	-9999.000000	-9999.000000	150.784000	146.437000	144.439000	140.744000	137.677000	134.167000	131.956000	132.931000	127.920000	121.663000	119.655000	121.747000	118.786000	116.379000	120.055000	116.313000	112.455000	108.862000	-9999.000000	-9999.000000	-9999.000000	-9999.000000	-9999.000000	-9999.000000	-9999.000000	-9999.000000
-9999.000000	-9999.000000	160.458000	155.194000	153.777000	153.957000	149.923000	142.058000	138.970000	134.945000	133.947000	131.077000	125.331000	121.940000	124.095000	126.030000	125.697000	124.473000	123.359000	-9999.000000	-9999.000000	-9999.000000	-9999.000000	-9999.000000	-9999.000000	-9999.000000	-9999.000000	-9999.000000	-9999.000000
-9999.000000	-9999.000000	-9999.000000	167.587000	166.636000	161.545000	147.195000	143.328000	133.464000	131.412000	129.218000	131.170000	132.440000	120.952000	125.102000	124.825000	124.684000	129.151000	130.339000	-9999.000000	-9999.000000	-9999.000000	-9999.000000	-9999.000000	-9999.000000	-9999.000000	-9999.000000	-9999.000000	-9999.000000
-9999.000000	-9999.000000	-9999.000000	-9999.000000	-9999.000000	157.695000	151.008000	143.184000	141.072000	138.558000	134.880000	133.669000	132.980000	-9999.000000	-9999.000000	-9999.000000	-9999.000000	130.920000	-9999.000000	-9999.000000	-9999.000000	-9999.000000	-9999.000000	-9999.000000	-9999.000000	-9999.000000	-9999.000000	-9999.000000	-9999.000000
-9999.000000	-9999.000000	-9999.000000	-9999.000000	162.809000	158.714000	153.562000	149.407000	147.342000	143.392000	143.312000	143.392000	-9999.000000	-9999.000000	-9999.000000	-9999.000000	-9999.000000	-9999.000000	-9999.000000	-9999.000000	-9999.000000	-9999.000000	-9999.000000	-9999.000000	-9999.000000	-9999.000000	-9999.000000	-9999.000000	-9999.000000
-9999.000000	-9999.000000	-9999.000000	-9999.000000	-9999.000000	163.177000	174.339000	172.253000	-9999.000000	-9999.000000	-9999.000000	-9999.000000	-9999.000000	-9999.000000	-9999.000000	-9999.000000	-9999.000000	-9999.000000	-9999.000000	-9999.000000	-9999.000000	-9999.000000	-9999.000000	-9999.000000	-9999.000000	-9999.000000	-9999.000000	-9999.000000	-9999.000000
