AMSdata_code/data/figure10/2014_9_sum.txt
ncols         29
nrows         21
xllcorner     119.050298
yllcorner     30.119212
cellsize      0.1
NODATA_value  -9999
-9999.000000	-9999.000000	-9999.000000	114.485000	105.782000	103.301000	97.759000	-9999.000000	-9999.000000	-9999.000000	-9999.000000	-9999.000000	-9999.000000	-9999.000000	-9999.000000	-9999.000000	-9999.000000	-9999.000000	-9999.000000	-9999.000000	-9999.000000	-9999.000000	-9999.000000	-9999.000000	-9999.000000	-9999.000000	-9999.000000	-9999.000000	-9999.000000
-9999.000000	-9999.000000	106.163000	105.240000	98.269000	96.043000	94.101000	92.458000	-9999.000000	-9999.000000	-9999.000000	-9999.000000	-9999.000000	-9999.000000	-9999.000000	-9999.000000	-9999.000000	-9999.000000	-9999.000000	-9999.000000	-9999.000000	-9999.000000	-9999.000000	-9999.000000	-9999.000000	-9999.000000	-9999.000000	-9999.000000	-9999.000000
-9999.000000	-9999.000000	91.052000	85.677000	82.339000	78.494000	78.718000	75.969000	76.750000	-9999.000000	-9999.000000	-9999.000000	-9999.000000	-9999.000000	88.836000	92.296000	104.086000	-9999.000000	-9999.000000	-9999.000000	-9999.000000	-9999.000000	-9999.000000	-9999.000000	-9999.000000	-9999.000000	-9999.000000	-9999.000000	-9999.000000
-9999.000000	-9999.000000	86.597000	82.414000	75.435000	74.846000	75.787000	76.360000	76.319000	80.116000	82.035000	79.868000	84.494000	83.405000	84.989000	94.587000	102.341000	110.061000	-9999.000000	-9999.000000	-9999.000000	-9999.000000	-9999.000000	-9999.000000	-9999.000000	-9999.000000	-9999.000000	-9999.000000	-9999.000000
-9999.000000	-9999.000000	78.066000	73.592000	71.716000	71.417000	70.203000	70.853000	73.538000	79.667000	78.829000	77.142000	77.987000	82.280000	87.298000	88.771000	97.896000	109.765000	-9999.000000	-9999.000000	-9999.000000	-9999.000000	-9999.000000	-9999.000000	-9999.000000	-9999.000000	-9999.000000	-9999.000000	-9999.000000
-9999.000000	-9999.000000	-9999.000000	74.270000	74.771000	73.828000	73.139000	72.831000	74.286000	74.435000	75.012000	75.123000	72.882000	73.832000	78.675000	86.666000	95.652000	103.220000	110.231000	130.617000	132.006000	-9999.000000	-9999.000000	-9999.000000	-9999.000000	-9999.000000	-9999.000000	-9999.000000	-9999.000000
-9999.000000	-9999.000000	75.812000	77.565000	79.579000	79.123000	76.996000	75.306000	75.463000	78.738000	78.944000	78.948000	76.885000	75.686000	78.650000	85.070000	93.761000	102.361000	105.694000	128.566000	126.953000	127.826000	-9999.000000	-9999.000000	-9999.000000	-9999.000000	-9999.000000	-9999.000000	-9999.000000
-9999.000000	82.517000	79.293000	78.729000	82.764000	84.966000	85.075000	80.376000	76.466000	78.313000	77.115000	74.780000	70.475000	71.450000	79.464000	87.207000	92.428000	96.346000	101.717000	122.936000	123.362000	127.934000	135.774000	-9999.000000	-9999.000000	-9999.000000	-9999.000000	-9999.000000	-9999.000000
94.263000	90.786000	88.550000	87.572000	90.953000	91.449000	94.422000	94.231000	97.352000	88.387000	83.876000	72.695000	71.170000	73.193000	80.386000	84.342000	95.415000	98.418000	102.549000	121.241000	120.480000	132.543000	140.238000	146.396000	153.969000	-9999.000000	-9999.000000	-9999.000000	-9999.000000
-9999.000000	97.481000	96.005000	96.373000	99.961000	99.798000	98.818000	103.034000	100.960000	96.086000	84.196000	80.777000	77.948000	80.137000	84.110000	84.335000	94.122000	99.279000	100.725000	115.970000	121.493000	127.932000	136.507000	142.407000	152.041000	155.145000	-9999.000000	-9999.000000	-9999.000000
-9999.000000	-9999.000000	-9999.000000	107.546000	111.891000	114.556000	111.746000	110.057000	105.189000	96.394000	88.771000	86.509000	83.554000	78.396000	84.081000	88.848000	96.430000	100.684000	105.831000	117.262000	124.111000	130.237000	138.132000	144.023000	154.609000	160.029000	163.674000	-9999.000000	-9999.000000
-9999.000000	-9999.000000	-9999.000000	-9999.000000	-9999.000000	-9999.000000	116.289000	111.863000	103.951000	105.145000	96.465000	93.305000	86.446000	82.333000	83.669000	89.378000	100.423000	108.931000	113.430000	115.486000	125.617000	134.606000	140.881000	146.501000	155.270000	159.903000	165.503000	166.754000	-9999.000000
-9999.000000	-9999.000000	-9999.000000	-9999.000000	-9999.000000	130.119000	131.056000	127.912000	118.257000	115.799000	109.929000	106.891000	103.886000	100.275000	101.599000	108.747000	116.280000	119.668000	118.503000	137.201000	139.546000	145.021000	149.320000	154.457000	158.714000	162.439000	169.772000	170.968000	-9999.000000
-9999.000000	-9999.000000	-9999.000000	-9999.000000	-9999.000000	141.705000	136.684000	139.448000	135.261000	140.069000	135.347000	124.550000	115.054000	110.617000	110.610000	113.364000	118.411000	123.200000	128.775000	143.391000	147.242000	151.517000	152.925000	158.772000	165.199000	168.062000	182.261000	188.579000	-9999.000000
-9999.000000	-9999.000000	-9999.000000	-9999.000000	154.967000	148.047000	145.883000	144.946000	138.002000	134.732000	125.082000	125.478000	125.366000	123.122000	118.083000	121.436000	127.199000	130.218000	128.735000	149.716000	153.064000	159.893000	164.081000	-9999.000000	-9999.000000	-9999.000000	-9999.000000	-9999.000000	-9999.000000
-9999.000000	-9999.000000	-9999.000000	173.746000	162.979000	155.228000	157.438000	154.801000	145.609000	146.208000	143.741000	133.194000	128.606000	128.589000	129.523000	128.570000	129.405000	130.313000	133.000000	151.905000	157.234000	-9999.000000	-9999.000000	-9999.000000	-9999.000000	-9999.000000	-9999.000000	-9999.000000	-9999.000000
-9999.000000	-9999.000000	191.983000	180.552000	176.077000	172.566000	174.687000	167.459000	155.794000	156.485000	147.185000	144.344000	138.746000	138.749000	138.999000	137.430000	134.541000	135.114000	134.337000	-9999.000000	-9999.000000	-9999.000000	-9999.000000	-9999.000000	-9999.000000	-9999.000000	-9999.000000	-9999.000000	-9999.000000
-9999.000000	-9999.000000	-9999.000000	188.307000	192.278000	183.104000	174.840000	162.512000	152.855000	157.889000	151.270000	147.530000	146.709000	144.447000	146.010000	142.555000	149.688000	146.075000	144.715000	-9999.000000	-9999.000000	-9999.000000	-9999.000000	-9999.000000	-9999.000000	-9999.000000	-9999.000000	-9999.000000	-9999.000000
-9999.000000	-9999.000000	-9999.000000	-9999.000000	-9999.000000	174.508000	168.081000	162.596000	152.563000	160.419000	159.591000	151.080000	149.295000	-9999.000000	-9999.000000	-9999.000000	-9999.000000	151.569000	-9999.000000	-9999.000000	-9999.000000	-9999.000000	-9999.000000	-9999.000000	-9999.000000	-9999.000000	-9999.000000	-9999.000000	-9999.000000
-9999.000000	-9999.000000	-9999.000000	-9999.000000	146.273000	139.558000	142.099000	148.738000	155.043000	158.551000	156.988000	163.340000	-9999.000000	-9999.000000	-9999.000000	-9999.000000	-9999.000000	-9999.000000	-9999.000000	-9999.000000	-9999.000000	-9999.000000	-9999.000000	-9999.000000	-9999.000000	-9999.000000	-9999.000000	-9999.000000	-9999.000000
-9999.000000	-9999.000000	-9999.000000	-9999.000000	-9999.000000	142.488000	149.956000	159.334000	-9999.000000	-9999.000000	-9999.000000	-9999.000000	-9999.000000	-9999.000000	-9999.000000	-9999.000000	-9999.000000	-9999.000000	-9999.000000	-9999.000000	-9999.000000	-9999.000000	-9999.000000	-9999.000000	-9999.000000	-9999.000000	-9999.000000	-9999.000000	-9999.000000
