AMSdata_code/data/figure10/2015_9_sum.txt
ncols         29
nrows         21
xllcorner     119.050298
yllcorner     30.119212
cellsize      0.1
NODATA_value  -9999
-9999.000000	-9999.000000	-9999.000000	123.994000	113.505000	109.085000	124.115000	-9999.000000	-9999.000000	-9999.000000	-9999.000000	-9999.000000	-9999.000000	-9999.000000	-9999.000000	-9999.000000	-9999.000000	-9999.000000	-9999.000000	-9999.000000	-9999.000000	-9999.000000	-9999.000000	-9999.000000	-9999.000000	-9999.000000	-9999.000000	-9999.000000	-9999.000000
-9999.000000	-9999.000000	137.312000	131.442000	121.634000	118.003000	133.974000	142.289000	-9999.000000	-9999.000000	-9999.000000	-9999.000000	-9999.000000	-9999.000000	-9999.000000	-9999.000000	-9999.000000	-9999.000000	-9999.000000	-9999.000000	-9999.000000	-9999.000000	-9999.000000	-9999.000000	-9999.000000	-9999.000000	-9999.000000	-9999.000000	-9999.000000
-9999.000000	-9999.000000	140.079000	131.295000	127.682000	124.048000	125.267000	128.637000	135.881000	-9999.000000	-9999.000000	-9999.000000	-9999.000000	-9999.000000	179.947000	172.350000	162.415000	-9999.000000	-9999.000000	-9999.000000	-9999.000000	-9999.000000	-9999.000000	-9999.000000	-9999.000000	-9999.000000	-9999.000000	-9999.000000	-9999.000000
-9999.000000	-9999.000000	134.240000	127.666000	125.220000	123.077000	121.438000	124.164000	125.975000	126.610000	133.751000	145.051000	154.581000	145.200000	137.367000	145.949000	133.706000	140.047000	-9999.000000	-9999.000000	-9999.000000	-9999.000000	-9999.000000	-9999.000000	-9999.000000	-9999.000000	-9999.000000	-9999.000000	-9999.000000
-9999.000000	-9999.000000	127.709000	121.256000	119.595000	118.614000	115.652000	115.304000	113.238000	114.741000	118.458000	123.219000	123.109000	107.883000	109.046000	111.291000	112.013000	115.864000	-9999.000000	-9999.000000	-9999.000000	-9999.000000	-9999.000000	-9999.000000	-9999.000000	-9999.000000	-9999.000000	-9999.000000	-9999.000000
-9999.000000	-9999.000000	-9999.000000	110.167000	113.618000	114.740000	115.684000	112.477000	108.315000	107.971000	110.570000	106.855000	106.078000	105.526000	106.275000	109.369000	113.988000	116.372000	121.108000	133.121000	132.670000	-9999.000000	-9999.000000	-9999.000000	-9999.000000	-9999.000000	-9999.000000	-9999.000000	-9999.000000
-9999.000000	-9999.000000	109.470000	109.833000	112.193000	121.982000	113.227000	115.052000	109.422000	108.316000	110.222000	114.957000	110.830000	108.189000	106.327000	106.150000	107.985000	114.027000	115.824000	133.510000	130.566000	134.753000	-9999.000000	-9999.000000	-9999.000000	-9999.000000	-9999.000000	-9999.000000	-9999.000000
-9999.000000	98.086000	104.934000	102.636000	112.292000	118.304000	123.029000	132.519000	122.223000	121.053000	121.308000	126.981000	117.653000	120.761000	109.600000	104.745000	108.294000	112.250000	116.750000	127.484000	131.051000	130.233000	136.211000	-9999.000000	-9999.000000	-9999.000000	-9999.000000	-9999.000000	-9999.000000
106.174000	113.810000	108.491000	110.241000	121.792000	126.128000	133.782000	138.616000	134.070000	129.451000	126.863000	127.904000	120.514000	125.294000	112.169000	106.496000	112.274000	116.482000	120.346000	130.041000	132.648000	140.270000	147.957000	153.010000	151.860000	-9999.000000	-9999.000000	-9999.000000	-9999.000000
-9999.000000	137.523000	128.734000	130.194000	130.237000	131.410000	163.580000	159.299000	142.000000	143.670000	136.717000	131.155000	119.654000	125.672000	120.420000	121.613000	123.356000	120.280000	123.194000	121.560000	128.212000	135.741000	141.665000	148.439000	153.020000	146.730000	-9999.000000	-9999.000000	-9999.000000
-9999.000000	-9999.000000	-9999.000000	171.839000	169.693000	157.812000	165.702000	160.955000	153.492000	151.992000	138.609000	130.214000	121.117000	125.939000	124.427000	130.142000	133.419000	136.670000	132.766000	131.892000	133.098000	138.877000	144.693000	143.089000	152.804000	142.760000	145.694000	-9999.000000	-9999.000000
-9999.000000	-9999.000000	-9999.000000	-9999.000000	-9999.000000	-9999.000000	162.946000	159.211000	150.824000	163.006000	147.738000	131.170000	113.610000	124.242000	116.336000	132.475000	142.551000	145.112000	143.153000	143.464000	142.643000	145.262000	147.775000	148.253000	154.442000	138.799000	138.241000	134.776000	-9999.000000
-9999.000000	-9999.000000	-9999.000000	-9999.000000	-9999.000000	148.397000	153.504000	152.768000	149.108000	150.097000	134.725000	120.584000	118.123000	116.889000	119.475000	142.451000	150.107000	152.124000	153.485000	159.590000	156.106000	156.491000	157.077000	158.167000	168.598000	164.151000	148.571000	145.686000	-9999.000000
-9999.000000	-9999.000000	-9999.000000	-9999.000000	-9999.000000	126.074000	122.155000	124.393000	125.307000	146.206000	136.057000	130.928000	124.035000	126.129000	126.372000	146.384000	154.625000	161.147000	165.735000	168.795000	169.581000	174.791000	171.193000	169.100000	169.546000	162.032000	146.483000	145.531000	-9999.000000
-9999.000000	-9999.000000	-9999.000000	-9999.000000	132.144000	133.074000	126.978000	128.303000	126.099000	137.813000	137.207000	131.240000	127.524000	133.979000	147.435000	155.802000	171.767000	178.023000	185.020000	195.587000	194.005000	192.326000	188.876000	-9999.000000	-9999.000000	-9999.000000	-9999.000000	-9999.000000	-9999.000000
-9999.000000	-9999.000000	-9999.000000	124.789000	131.174000	132.367000	128.234000	128.239000	124.620000	132.227000	132.315000	129.571000	137.611000	140.241000	156.787000	164.339000	176.358000	189.939000	197.347000	213.059000	206.260000	-9999.000000	-9999.000000	-9999.000000	-9999.000000	-9999.000000	-9999.000000	-9999.000000	-9999.000000
-9999.000000	-9999.000000	121.300000	123.384000	131.414000	132.375000	128.581000	127.913000	124.135000	130.537000	129.782000	120.071000	134.612000	141.125000	157.487000	167.386000	178.515000	194.542000	205.851000	-9999.000000	-9999.000000	-9999.000000	-9999.000000	-9999.000000	-9999.000000	-9999.000000	-9999.000000	-9999.000000	-9999.000000
-9999.000000	-9999.000000	-9999.000000	119.264000	125.208000	125.460000	119.953000	120.235000	118.256000	119.781000	119.144000	119.147000	129.988000	135.924000	158.659000	169.937000	185.421000	196.582000	216.875000	-9999.000000	-9999.000000	-9999.000000	-9999.000000	-9999.000000	-9999.000000	-9999.000000	-9999.000000	-9999.000000	-9999.000000
-9999.000000	-9999.000000	-9999.000000	-9999.000000	-9999.000000	119.117000	119.582000	121.038000	122.061000	128.585000	129.976000	125.651000	136.725000	-9999.000000	-9999.000000	-9999.000000	-9999.000000	216.633000	-9999.000000	-9999.000000	-9999.000000	-9999.000000	-9999.000000	-9999.000000	-9999.000000	-9999.000000	-9999.000000	-9999.000000	-9999.000000
-9999.000000	-9999.000000	-9999.000000	-9999.000000	113.489000	119.737000	122.272000	124.692000	122.347000	129.889000	127.167000	131.104000	-9999.000000	-9999.000000	-9999.000000	-9999.000000	-9999.000000	-9999.000000	-9999.000000	-9999.000000	-9999.000000	-9999.000000	-9999.000000	-9999.000000	-9999.000000	-9999.000000	-9999.000000	-9999.000000	-9999.000000
-9999.000000	-9999.000000	-9999.000000	-9999.000000	-9999.000000	118.346000	114.686000	124.814000	-9999.000000	-9999.000000	-9999.000000	-9999.000000	-9999.000000	-9999.000000	-9999.000000	-9999.000000	-9999.000000	-9999.000000	-9999.000000	-9999.000000	-9999.000000	-9999.000000	-9999.000000	-9999.000000	-9999.000000	-9999.000000	-9999.000000	-9999.000000	-9999.000000
