AMSdata_code/data/figure10/2015_7_sum.txt
ncols         29
nrows         21
xllcorner     119.050298
yllcorner     30.119212
cellsize      0.1
NODATA_value  -9999
-9999.000000	-9999.000000	-9999.000000	228.882000	237.796000	238.686000	233.574000	-9999.000000	-9999.000000	-9999.000000	-9999.000000	-9999.000000	-9999.000000	-9999.000000	-9999.000000	-9999.000000	-9999.000000	-9999.000000	-9999.000000	-9999.000000	-9999.000000	-9999.000000	-9999.000000	-9999.000000	-9999.000000	-9999.000000	-9999.000000	-9999.000000	-9999.000000
-9999.000000	-9999.000000	218.454000	212.022000	210.294000	213.101000	207.732000	223.783000	-9999.000000	-9999.000000	-9999.000000	-9999.000000	-9999.000000	-9999.000000	-9999.000000	-9999.000000	-9999.000000	-9999.000000	-9999.000000	-9999.000000	-9999.000000	-9999.000000	-9999.000000	-9999.000000	-9999.000000	-9999.000000	-9999.000000	-9999.000000	-9999.000000
-9999.000000	-9999.000000	200.217000	191.619000	178.772000	175.421000	183.270000	183.372000	180.068000	-9999.000000	-9999.000000	-9999.000000	-9999.000000	-9999.000000	168.853000	168.298000	159.210000	-9999.000000	-9999.000000	-9999.000000	-9999.000000	-9999.000000	-9999.000000	-9999.000000	-9999.000000	-9999.000000	-9999.000000	-9999.000000	-9999.000000
-9999.000000	-9999.000000	195.022000	187.209000	175.396000	176.089000	182.400000	184.556000	184.937000	174.520000	173.903000	178.519000	173.942000	166.557000	168.330000	160.267000	162.203000	158.109000	-9999.000000	-9999.000000	-9999.000000	-9999.000000	-9999.000000	-9999.000000	-9999.000000	-9999.000000	-9999.000000	-9999.000000	-9999.000000
-9999.000000	-9999.000000	190.354000	183.785000	192.381000	188.361000	185.345000	185.578000	187.833000	185.299000	180.866000	179.103000	171.148000	164.226000	158.965000	156.126000	159.239000	161.563000	-9999.000000	-9999.000000	-9999.000000	-9999.000000	-9999.000000	-9999.000000	-9999.000000	-9999.000000	-9999.000000	-9999.000000	-9999.000000
-9999.000000	-9999.000000	-9999.000000	183.090000	188.841000	191.143000	192.006000	188.719000	193.986000	186.737000	182.714000	175.047000	166.953000	161.539000	156.951000	157.740000	163.008000	164.983000	174.456000	178.893000	177.911000	-9999.000000	-9999.000000	-9999.000000	-9999.000000	-9999.000000	-9999.000000	-9999.000000	-9999.000000
-9999.000000	-9999.000000	183.466000	181.978000	192.117000	200.883000	200.923000	203.033000	198.552000	188.406000	178.367000	178.867000	170.834000	167.818000	158.484000	159.896000	165.561000	167.270000	164.243000	175.512000	172.065000	168.772000	-9999.000000	-9999.000000	-9999.000000	-9999.000000	-9999.000000	-9999.000000	-9999.000000
-9999.000000	180.068000	180.084000	181.364000	186.210000	192.776000	212.648000	218.030000	208.403000	189.910000	180.136000	175.768000	167.625000	167.922000	159.300000	159.233000	155.356000	156.620000	166.869000	169.346000	165.733000	165.263000	166.188000	-9999.000000	-9999.000000	-9999.000000	-9999.000000	-9999.000000	-9999.000000
199.938000	193.829000	192.727000	191.241000	193.775000	196.893000	216.834000	221.931000	217.884000	203.723000	184.081000	175.555000	174.650000	175.832000	172.231000	160.481000	157.813000	154.586000	169.277000	162.755000	156.925000	159.646000	160.457000	162.401000	164.666000	-9999.000000	-9999.000000	-9999.000000	-9999.000000
-9999.000000	202.691000	199.454000	199.902000	202.942000	203.420000	208.340000	210.590000	205.127000	192.355000	180.923000	177.051000	170.752000	186.185000	183.020000	177.227000	157.842000	152.302000	162.109000	149.439000	143.742000	151.136000	153.601000	156.473000	158.913000	160.338000	-9999.000000	-9999.000000	-9999.000000
-9999.000000	-9999.000000	-9999.000000	211.599000	215.956000	217.069000	225.376000	228.917000	220.450000	206.139000	192.371000	178.165000	183.786000	181.809000	181.096000	164.130000	157.601000	155.675000	158.254000	144.168000	140.990000	143.484000	151.813000	151.691000	158.823000	159.268000	161.637000	-9999.000000	-9999.000000
-9999.000000	-9999.000000	-9999.000000	-9999.000000	-9999.000000	-9999.000000	239.638000	238.865000	228.485000	204.264000	194.831000	172.116000	164.990000	157.306000	153.892000	158.424000	155.990000	154.633000	158.312000	143.527000	140.952000	149.493000	153.673000	155.454000	159.429000	160.803000	166.203000	169.845000	-9999.000000
-9999.000000	-9999.000000	-9999.000000	-9999.000000	-9999.000000	262.921000	264.070000	261.482000	242.997000	233.997000	219.816000	191.766000	186.305000	179.945000	174.276000	180.911000	185.548000	182.789000	188.983000	182.965000	179.591000	179.772000	182.051000	186.016000	190.967000	189.219000	191.643000	190.122000	-9999.000000
-9999.000000	-9999.000000	-9999.000000	-9999.000000	-9999.000000	274.069000	268.896000	250.090000	244.126000	241.535000	226.411000	210.562000	209.326000	200.534000	196.822000	196.684000	200.832000	202.063000	203.347000	195.993000	195.202000	195.933000	194.867000	193.405000	209.448000	205.461000	219.742000	220.276000	-9999.000000
-9999.000000	-9999.000000	-9999.000000	-9999.000000	292.391000	296.596000	286.259000	274.480000	263.026000	251.285000	231.170000	222.420000	222.030000	216.986000	214.043000	213.378000	214.806000	208.420000	210.143000	207.961000	209.240000	207.892000	207.688000	-9999.000000	-9999.000000	-9999.000000	-9999.000000	-9999.000000	-9999.000000
-9999.000000	-9999.000000	-9999.000000	312.944000	312.209000	294.792000	299.653000	283.091000	261.928000	256.122000	247.196000	240.060000	236.561000	227.886000	225.942000	221.006000	215.902000	216.330000	217.692000	221.204000	218.133000	-9999.000000	-9999.000000	-9999.000000	-9999.000000	-9999.000000	-9999.000000	-9999.000000	-9999.000000
-9999.000000	-9999.000000	336.404000	334.372000	336.579000	329.087000	312.449000	297.179000	282.392000	265.368000	260.798000	249.952000	245.266000	235.307000	233.225000	227.932000	224.230000	221.116000	224.927000	-9999.000000	-9999.000000	-9999.000000	-9999.000000	-9999.000000	-9999.000000	-9999.000000	-9999.000000	-9999.000000	-9999.000000
-9999.000000	-9999.000000	-9999.000000	367.597000	376.460000	357.741000	313.911000	272.785000	276.621000	266.975000	261.623000	261.407000	256.353000	245.340000	243.677000	230.271000	228.714000	225.757000	232.952000	-9999.000000	-9999.000000	-9999.000000	-9999.000000	-9999.000000	-9999.000000	-9999.000000	-9999.000000	-9999.000000	-9999.000000
-9999.000000	-9999.000000	-9999.000000	-9999.000000	-9999.000000	358.940000	290.084000	297.143000	292.516000	291.507000	291.681000	285.494000	279.790000	-9999.000000	-9999.000000	-9999.000000	-9999.000000	238.430000	-9999.000000	-9999.000000	-9999.000000	-9999.000000	-9999.000000	-9999.000000	-9999.000000	-9999.000000	-9999.000000	-9999.000000	-9999.000000
-9999.000000	-9999.000000	-9999.000000	-9999.000000	388.275000	308.174000	303.508000	308.944000	301.886000	312.462000	298.738000	296.832000	-9999.000000	-9999.000000	-9999.000000	-9999.000000	-9999.000000	-9999.000000	-9999.000000	-9999.000000	-9999.000000	-9999.000000	-9999.000000	-9999.000000	-9999.000000	-9999.000000	-9999.000000	-9999.000000	-9999.000000
-9999.000000	-9999.000000	-9999.000000	-9999.000000	-9999.000000	328.340000	325.974000	330.479000	-9999.000000	-9999.000000	-9999.000000	-9999.000000	-9999.000000	-9999.000000	-9999.000000	-9999.000000	-9999.000000	-9999.000000	-9999.000000	-9999.000000	-9999.000000	-9999.000000	-9999.000000	-9999.000000	-9999.000000	-9999.000000	-9999.000000	-9999.000000	-9999.000000
