AMSdata_code/data/figure10/2015_5_sum.txt
ncols         29
nrows         21
xllcorner     119.050298
yllcorner     30.119212
cellsize      0.1
NODATA_value  -9999
-9999.000000	-9999.000000	-9999.000000	132.777000	135.293000	133.796000	126.703000	-9999.000000	-9999.000000	-9999.000000	-9999.000000	-9999.000000	-9999.000000	-9999.000000	-9999.000000	-9999.000000	-9999.000000	-9999.000000	-9999.000000	-9999.000000	-9999.000000	-9999.000000	-9999.000000	-9999.000000	-9999.000000	-9999.000000	-9999.000000	-9999.000000	-9999.000000
-9999.000000	-9999.000000	136.978000	132.224000	133.966000	133.918000	132.343000	132.402000	-9999.000000	-9999.000000	-9999.000000	-9999.000000	-9999.000000	-9999.000000	-9999.000000	-9999.000000	-9999.000000	-9999.000000	-9999.000000	-9999.000000	-9999.000000	-9999.000000	-9999.000000	-9999.000000	-9999.000000	-9999.000000	-9999.000000	-9999.000000	-9999.000000
-9999.000000	-9999.000000	146.388000	147.396000	147.313000	147.338000	148.597000	145.077000	143.275000	-9999.000000	-9999.000000	-9999.000000	-9999.000000	-9999.000000	116.035000	115.288000	113.410000	-9999.000000	-9999.000000	-9999.000000	-9999.000000	-9999.000000	-9999.000000	-9999.000000	-9999.000000	-9999.000000	-9999.000000	-9999.000000	-9999.000000
-9999.000000	-9999.000000	149.141000	151.562000	151.461000	152.815000	152.368000	150.793000	147.435000	128.206000	125.777000	122.110000	119.282000	119.713000	121.488000	121.143000	114.912000	113.943000	-9999.000000	-9999.000000	-9999.000000	-9999.000000	-9999.000000	-9999.000000	-9999.000000	-9999.000000	-9999.000000	-9999.000000	-9999.000000
-9999.000000	-9999.000000	158.709000	160.802000	161.124000	159.054000	155.664000	156.209000	153.180000	134.969000	129.441000	124.313000	123.087000	124.973000	121.886000	119.531000	119.699000	119.395000	-9999.000000	-9999.000000	-9999.000000	-9999.000000	-9999.000000	-9999.000000	-9999.000000	-9999.000000	-9999.000000	-9999.000000	-9999.000000
-9999.000000	-9999.000000	-9999.000000	172.439000	172.625000	169.458000	164.040000	157.372000	156.035000	138.628000	134.082000	132.482000	129.068000	126.647000	122.081000	123.012000	124.187000	123.174000	120.951000	116.160000	120.543000	-9999.000000	-9999.000000	-9999.000000	-9999.000000	-9999.000000	-9999.000000	-9999.000000	-9999.000000
-9999.000000	-9999.000000	201.184000	199.653000	196.810000	187.617000	190.360000	177.221000	158.692000	153.742000	140.051000	139.559000	134.520000	127.667000	121.660000	123.219000	125.084000	126.872000	123.176000	117.906000	119.136000	119.549000	-9999.000000	-9999.000000	-9999.000000	-9999.000000	-9999.000000	-9999.000000	-9999.000000
-9999.000000	205.239000	206.285000	205.390000	198.535000	188.199000	187.653000	180.689000	172.524000	161.027000	154.644000	149.470000	141.888000	140.131000	129.292000	128.933000	123.188000	122.381000	125.150000	115.265000	115.527000	117.403000	118.922000	-9999.000000	-9999.000000	-9999.000000	-9999.000000	-9999.000000	-9999.000000
201.186000	213.755000	220.393000	222.819000	214.945000	209.055000	203.632000	184.710000	181.625000	166.846000	159.953000	157.263000	146.318000	148.059000	134.886000	131.875000	127.418000	133.591000	134.147000	119.332000	116.526000	117.689000	120.515000	123.452000	123.846000	-9999.000000	-9999.000000	-9999.000000	-9999.000000
-9999.000000	199.711000	225.225000	224.854000	228.422000	222.295000	212.741000	197.493000	176.449000	184.829000	176.011000	168.554000	158.605000	145.096000	139.168000	138.483000	140.751000	141.774000	139.638000	121.347000	117.369000	121.490000	121.092000	125.969000	126.998000	126.128000	-9999.000000	-9999.000000	-9999.000000
-9999.000000	-9999.000000	-9999.000000	221.308000	228.934000	223.159000	218.559000	192.582000	183.067000	185.580000	187.662000	176.278000	154.539000	138.310000	137.857000	139.952000	142.696000	142.115000	136.526000	118.890000	117.208000	121.631000	124.286000	124.140000	126.518000	124.752000	122.387000	-9999.000000	-9999.000000
-9999.000000	-9999.000000	-9999.000000	-9999.000000	-9999.000000	-9999.000000	209.035000	195.110000	177.354000	180.444000	181.001000	169.227000	144.267000	129.458000	128.393000	135.575000	141.065000	140.622000	135.069000	123.101000	121.558000	125.783000	126.644000	126.861000	126.940000	125.434000	124.062000	119.913000	-9999.000000
-9999.000000	-9999.000000	-9999.000000	-9999.000000	-9999.000000	205.642000	197.867000	186.601000	175.968000	154.379000	153.710000	142.227000	129.749000	120.663000	120.055000	124.961000	129.065000	129.572000	126.359000	126.019000	124.372000	125.839000	124.668000	125.986000	126.409000	124.532000	122.556000	120.795000	-9999.000000
-9999.000000	-9999.000000	-9999.000000	-9999.000000	-9999.000000	184.721000	179.634000	172.913000	168.007000	149.960000	146.976000	131.639000	121.224000	118.080000	115.186000	117.713000	122.427000	123.834000	125.414000	123.249000	123.624000	125.264000	123.850000	123.487000	128.600000	126.645000	130.366000	132.339000	-9999.000000
-9999.000000	-9999.000000	-9999.000000	-9999.000000	184.253000	178.118000	172.245000	167.668000	161.000000	135.326000	132.886000	124.818000	115.635000	112.212000	109.033000	114.384000	120.271000	120.850000	121.493000	127.189000	125.565000	120.303000	121.123000	-9999.000000	-9999.000000	-9999.000000	-9999.000000	-9999.000000	-9999.000000
-9999.000000	-9999.000000	-9999.000000	189.916000	182.545000	176.643000	169.184000	165.861000	156.976000	134.253000	132.965000	126.794000	121.192000	117.646000	114.784000	114.408000	113.420000	120.342000	122.734000	130.158000	128.548000	-9999.000000	-9999.000000	-9999.000000	-9999.000000	-9999.000000	-9999.000000	-9999.000000	-9999.000000
-9999.000000	-9999.000000	200.511000	191.048000	185.325000	176.299000	169.342000	160.201000	152.416000	132.081000	130.617000	127.233000	122.489000	122.336000	120.445000	120.086000	116.596000	114.849000	125.159000	-9999.000000	-9999.000000	-9999.000000	-9999.000000	-9999.000000	-9999.000000	-9999.000000	-9999.000000	-9999.000000	-9999.000000
-9999.000000	-9999.000000	-9999.000000	199.223000	201.967000	188.167000	155.427000	148.842000	144.066000	125.986000	125.264000	124.281000	122.112000	122.597000	123.148000	122.355000	120.785000	119.315000	116.784000	-9999.000000	-9999.000000	-9999.000000	-9999.000000	-9999.000000	-9999.000000	-9999.000000	-9999.000000	-9999.000000	-9999.000000
-9999.000000	-9999.000000	-9999.000000	-9999.000000	-9999.000000	172.453000	151.434000	142.078000	146.384000	123.257000	133.424000	130.257000	132.473000	-9999.000000	-9999.000000	-9999.000000	-9999.000000	126.560000	-9999.000000	-9999.000000	-9999.000000	-9999.000000	-9999.000000	-9999.000000	-9999.000000	-9999.000000	-9999.000000	-9999.000000	-9999.000000
-9999.000000	-9999.000000	-9999.000000	-9999.000000	174.445000	170.387000	164.255000	158.461000	158.340000	137.570000	138.445000	139.845000	-9999.000000	-9999.000000	-9999.000000	-9999.000000	-9999.000000	-9999.000000	-9999.000000	-9999.000000	-9999.000000	-9999.000000	-9999.000000	-9999.000000	-9999.000000	-9999.000000	-9999.000000	-9999.000000	-9999.000000
-9999.000000	-9999.000000	-9999.000000	-9999.000000	-9999.000000	182.311000	177.371000	174.389000	-9999.000000	-9999.000000	-9999.000000	-9999.000000	-9999.000000	-9999.000000	-9999.000000	-9999.000000	-9999.000000	-9999.000000	-9999.000000	-9999.000000	-9999.000000	-9999.000000	-9999.000000	-9999.000000	-9999.000000	-9999.000000	-9999.000000	-9999.000000	-9999.000000
